7.37175e-05
6.94002e-05
6.82108e-05
0.000111055
6.28995e-05
6.02274e-05
7.23109e-05
7.43848e-05
6.57274e-05
0.0001038
7.80192e-05
5.53987e-05
3.91182e-05
3.57158e-05
7.53412e-05
6.02974e-05
6.71545e-05
5.34719e-06
3.74795e-05
5.98111e-05
9.55407e-05
6.05322e-05
6.38797e-05
8.17849e-05
6.99634e-05
6.80092e-05
9.14445e-05
6.82663e-05
8.25303e-05
8.48546e-05
6.41018e-05
9.10995e-05
8.13721e-05
6.09874e-05
4.67566e-05
3.28342e-05
8.49526e-05
8.15776e-05
6.77954e-05
0.000111724
8.47704e-05
7.28475e-05
6.60163e-05
8.19375e-05
7.73183e-05
9.42109e-05
7.49341e-05
6.38878e-05
7.04442e-05
9.06434e-05
6.51456e-05
6.4087e-05
7.0964e-05
6.26857e-05
5.77346e-05
6.61421e-05
8.98898e-05
6.76428e-05
0.000124709
6.67767e-05
7.86844e-05
8.03436e-05
6.27444e-05
7.35192e-05
4.94428e-06
4.52182e-05
7.34993e-05
5.54208e-05
7.62299e-05
0.000103567
9.73916e-05
6.86563e-05
6.25559e-05
6.93901e-05
6.40573e-05
6.85636e-05
6.90132e-05
8.04166e-05
6.0252e-05
6.71741e-05
7.33009e-05
6.22267e-05
5.6111e-05
5.94914e-05
0.000103962
1.23305e-05
2.3574e-06
7.01301e-05
6.34226e-05
0.000118382
6.34159e-05
9.80906e-05
8.69198e-05
6.49988e-05
7.22324e-05
7.36508e-05
5.51078e-05
9.99304e-05
6.73091e-06
7.81048e-07
8.76245e-07
6.56835e-07
4.71274e-07
5.26912e-06
0.000319973
8.34914e-07
0.000109064
8.0669e-07
0.000128397
6.34538e-05
8.34258e-05
7.48915e-05
7.51145e-05
5.45773e-06
0.000146239
6.26401e-05
3.93951e-05
3.86922e-05
8.85176e-05
5.83297e-05
0.000100392
6.73684e-05
8.31788e-05
6.26729e-05
7.2285e-05
6.73596e-05
8.11801e-05
9.18895e-05
6.50629e-05
6.32149e-05
7.89612e-05
6.55661e-05
7.66505e-05
6.74374e-05
7.1071e-05
6.97593e-05
1.22225e-05
8.1943e-05
5.68171e-05
6.19213e-05
0.000123531
0.000116707
6.24727e-05
8.08425e-06
0.000133116
9.15609e-05
6.59682e-05
6.61432e-05
9.15717e-05
6.69186e-05
5.17639e-05
7.28539e-05
5.80617e-05
6.98576e-05
1.49743e-05
5.16383e-05
7.81596e-05
6.03919e-05
6.15139e-05
3.40491e-05
7.90607e-05
7.35647e-05
6.30436e-05
7.79492e-05
7.9834e-05
7.70662e-05
0.0001214
6.23799e-05
3.40393e-05
6.78215e-05
0.00011599
1.30369e-05
5.08826e-05
6.43358e-05
7.41179e-05
0.000108295
6.91708e-05
6.96649e-05
5.88774e-05
5.45917e-05
7.54566e-05
7.8151e-05
7.7268e-05
8.44364e-05
3.53027e-05
7.41103e-05
9.52048e-05
7.8117e-05
6.55064e-05
7.47782e-05
8.84587e-05
0.000113224
2.11507e-06
8.61487e-05
9.76119e-05
7.78988e-05
6.32918e-05
6.1826e-05
6.62212e-05
3.94758e-05
5.34531e-05
6.17702e-05
8.4409e-05
6.77996e-05
8.63191e-05
1.82481e-05
5.65721e-05
8.65655e-05
5.62168e-05
8.3782e-05
6.79291e-05
1.19953e-05
7.18615e-05
5.887e-05
2.22284e-05
6.37341e-05
6.63627e-05
6.71936e-05
7.9685e-05
6.39781e-05
7.0153e-05
7.48306e-05
7.18212e-05
7.69865e-05
5.45205e-05
5.3565e-05
6.43303e-05
4.16143e-05
9.09104e-05
6.02986e-05
7.39856e-05
6.42565e-05
0.000110325
3.14846e-05
4.60662e-05
6.29491e-05
6.46905e-05
8.3735e-05
0.000107132
6.39348e-05
5.45615e-05
6.11022e-05
7.81468e-05
8.00059e-05
9.62703e-05
9.68588e-05
6.42791e-05
7.45711e-05
1.07769e-05
6.46523e-05
6.57652e-05
9.05585e-05
7.06761e-05
7.69252e-05
6.96852e-05
7.97698e-05
7.24473e-05
9.23022e-05
5.03188e-05
5.07886e-05
4.7858e-05
2.1993e-05
6.33818e-05
6.93699e-05
8.08835e-05
7.24876e-05
7.47518e-05
7.91683e-05
7.46524e-05
7.23323e-05
6.68442e-05
5.18189e-05
3.25551e-05
8.76857e-05
6.95502e-05
6.72813e-05
2.14542e-05
8.50322e-05
5.82927e-05
6.85415e-05
2.35872e-05
3.9519e-05
5.99025e-05
7.92077e-05
8.75843e-05
7.81784e-05
5.86497e-05
7.37329e-05
8.82522e-05
6.87949e-05
7.50257e-06
7.16173e-06
4.78676e-05
4.89435e-05
4.39961e-05
5.73262e-05
7.85703e-05
6.20321e-05
7.43344e-05
6.87019e-05
8.01889e-05
6.7926e-05
7.10782e-05
8.39848e-05
8.12683e-05
8.17169e-05
6.94631e-05
6.70106e-05
5.53434e-05
7.82663e-05
6.62506e-05
9.09554e-05
6.93091e-05
2.47872e-05
4.21718e-05
8.73459e-05
8.00408e-05
8.89867e-05
5.39964e-05
8.73885e-05
3.60911e-05
2.32482e-05
5.23503e-05
7.9609e-05
4.45292e-05
3.36966e-05
3.31437e-05
6.74968e-05
0.000110742
0.000128283
8.80636e-05
5.28426e-05
6.99491e-05
7.27874e-05
9.60571e-05
7.44886e-05
6.47037e-05
3.12798e-05
3.26602e-05
4.94909e-05
4.55328e-05
8.81803e-05
5.64119e-05
9.01171e-05
8.35016e-06
4.25173e-05
0.000129116
6.05778e-05
6.69207e-05
6.97032e-05
7.9651e-05
6.90477e-05
5.84909e-05
5.21289e-05
8.89997e-05
8.03823e-05
6.32693e-05
6.17895e-05
4.03787e-05
3.89664e-05
5.84873e-05
8.1727e-05
7.04734e-05
6.62816e-05
3.77314e-05
3.43394e-05
6.1053e-05
6.65825e-05
7.58245e-05
6.37192e-05
7.69703e-05
7.61425e-05
6.39383e-05
5.98507e-05
7.57338e-05
0.000106211
6.61125e-05
5.76833e-05
8.32389e-05
6.93443e-05
8.23072e-05
6.42067e-05
9.83298e-05
6.82725e-05
7.90662e-05
8.98686e-05
8.66289e-05
6.28334e-05
6.15625e-05
7.60623e-05
0.000104027
6.50497e-05
7.21559e-05
8.2581e-05
7.79826e-05
7.49095e-05
7.24966e-05
5.5106e-05
7.692e-05
8.30456e-05
9.17037e-05
8.97766e-05
5.99957e-05
3.70299e-05
6.76557e-05
1.20679e-05
5.406e-05
6.2926e-05
9.86241e-05
7.20251e-05
7.53019e-05
4.16474e-05
4.70209e-05
5.62122e-05
5.44579e-05
7.70763e-05
9.81596e-05
7.8047e-05
6.70475e-05
7.41201e-05
7.05717e-05
6.74254e-05
7.67562e-05
6.5603e-05
9.37686e-05
5.88391e-05
5.9975e-05
8.2516e-05
5.93152e-05
5.89487e-05
5.844e-05
3.3568e-05
9.90918e-05
8.92739e-05
7.10388e-05
7.26488e-05
8.80718e-05
0.000100544
6.14607e-05
8.16042e-05
1.26575e-05
4.31795e-05
6.52428e-05
7.29125e-05
8.52471e-05
8.71804e-05
0.000132017
3.08628e-05
7.20862e-05
6.14914e-05
7.53876e-05
7.08319e-05
6.5067e-05
5.09286e-05
0.000102023
6.7336e-05
8.24029e-05
0.000112396
7.63365e-05
6.95369e-05
8.00622e-05
5.60275e-06
3.23029e-05
6.4716e-05
7.31218e-05
6.43205e-05
8.35886e-05
0.000114186
8.38278e-05
7.21119e-05
5.15458e-05
6.9893e-05
7.39559e-05
9.88029e-05
7.02772e-05
8.16498e-05
5.211e-05
6.11543e-05
7.11788e-05
8.11717e-05
7.2154e-05
8.664e-05
3.5903e-05
7.10464e-05
7.51134e-05
7.67069e-05
6.68049e-05
2.84983e-07
5.77517e-05
7.16415e-05
8.31881e-05
6.76025e-05
8.03869e-05
9.57873e-05
5.20511e-05
7.28573e-05
6.67978e-05
6.73467e-05
8.80013e-05
6.6874e-05
8.98494e-05
6.98552e-05
0.000108552
5.25909e-05
3.24465e-05
6.80206e-05
8.75736e-05
6.12541e-05
0.000102974
6.57844e-05
6.16529e-05
7.5494e-05
7.92274e-05
8.37062e-05
7.44569e-05
5.94925e-05
7.11473e-05
7.70343e-05
6.65687e-05
6.6041e-05
8.87729e-05
9.41488e-05
7.32187e-05
7.77351e-05
8.17751e-05
5.19483e-05
4.03106e-05
9.08527e-05
1.64845e-05
5.06293e-05
7.16215e-05
7.03039e-05
4.82779e-05
7.64065e-05
3.53538e-05
1.99545e-05
7.65171e-05
1.16808e-06
8.39197e-05
0.000106423
1.75871e-05
4.85703e-05
6.66761e-05
3.0164e-05
5.43096e-05
7.18215e-05
8.25885e-05
8.99979e-05
3.4061e-05
3.52147e-05
6.28389e-05
6.4343e-05
6.30347e-05
5.64669e-06
3.78725e-05
7.17093e-05
7.15483e-05
8.30933e-05
0.000112512
6.54806e-05
8.33203e-05
5.64713e-06
1.41146e-05
8.68599e-05
9.18208e-05
5.90545e-05
2.17232e-05
3.41707e-05
7.65661e-05
6.83906e-05
8.35685e-05
6.43119e-05
4.70919e-05
0.000119888
7.35691e-05
3.90523e-05
6.48999e-05
6.81152e-05
8.41e-05
9.11794e-05
9.05207e-05
6.87136e-05
8.17837e-05
0.000128732
6.73951e-05
5.62903e-05
8.74657e-05
7.11155e-05
7.63297e-05
5.58118e-05
8.88577e-05
8.26725e-05
7.09711e-05
6.98709e-05
8.49893e-05
0.000111632
1.19609e-05
7.72426e-07
7.9832e-05
6.50811e-05
5.94781e-05
7.82384e-05
7.07434e-05
6.58765e-05
6.09849e-05
7.00876e-05
0.000110908
5.85775e-05
8.86463e-05
6.96545e-05
6.28172e-05
7.05922e-05
6.21715e-05
8.15281e-05
6.69552e-05
6.94992e-05
8.07487e-05
6.55583e-05
5.22582e-05
8.58231e-05
6.90699e-05
5.70122e-05
0.000109058
6.94084e-05
7.03625e-05
6.67636e-05
6.64066e-05
5.36275e-05
6.10544e-05
2.67529e-05
8.97143e-05
9.16144e-05
5.90186e-05
8.45014e-05
8.31398e-05
8.75054e-05
6.60703e-05
7.73641e-05
9.5754e-06
4.19805e-05
4.18775e-05
6.91625e-05
6.59733e-05
0.000102444
2.99659e-05
4.29079e-05
6.19768e-05
9.59477e-05
0.000103932
6.69811e-05
8.4904e-05
6.98772e-05
8.41396e-05
7.52969e-05
6.49869e-05
5.71148e-05
6.11702e-05
7.24348e-05
5.56299e-05
4.78798e-05
7.62865e-05
8.24866e-05
6.39641e-05
0.000110568
6.8754e-05
6.49643e-05
8.19671e-05
7.80699e-05
7.18242e-05
6.05662e-05
6.48976e-05
0.000115203
6.35184e-05
6.06161e-05
8.65622e-05
6.75891e-05
7.2865e-05
8.01716e-05
0.0001125
6.91898e-05
6.25312e-05
0.000108541
5.7067e-05
6.95551e-05
1.45387e-05
2.84448e-05
6.71178e-05
5.95988e-05
6.62163e-05
7.01854e-05
6.14912e-05
6.50614e-05
8.39098e-05
8.73592e-05
7.54653e-05
7.67086e-05
6.06453e-05
7.61169e-05
5.51348e-05
4.29186e-05
7.97023e-05
4.35888e-05
7.7417e-05
5.58993e-05
3.95688e-05
6.43205e-05
8.60589e-05
8.83571e-05
0.000103027
9.90515e-05
6.42325e-05
5.76381e-05
8.94722e-05
6.33673e-05
6.25696e-05
6.62964e-05
6.42555e-05
7.12161e-05
6.63132e-05
0.000122854
6.54048e-05
7.52561e-05
6.22801e-05
3.82834e-07
7.33618e-05
8.10589e-06
1.6186e-08
6.96488e-05
9.26675e-05
7.44954e-05
4.2633e-05
8.59423e-05
1.44632e-05
4.95322e-05
9.00311e-05
0.000119326
8.01649e-05
7.43861e-05
6.92798e-05
7.07021e-05
5.73374e-05
5.19209e-05
8.21362e-05
8.36492e-05
7.37672e-05
6.88193e-05
7.89891e-05
3.96424e-05
3.31764e-05
7.24258e-05
6.96649e-05
7.03117e-05
7.98249e-05
7.81252e-05
5.67322e-05
7.34573e-05
7.90033e-05
7.17932e-05
5.69581e-05
8.23077e-05
6.68774e-05
8.15397e-05
8.35536e-05
5.5577e-05
5.62428e-05
3.2102e-05
1.44467e-07
6.2765e-05
7.33311e-05
6.30717e-05
5.65456e-05
5.84438e-05
0.000100662
6.31848e-05
9.96497e-05
7.67994e-05
2.12964e-05
3.96856e-05
0.000108045
6.73646e-05
0.000100555
7.47689e-05
6.22493e-05
6.71807e-05
7.70672e-05
6.77606e-05
8.45283e-05
6.75288e-05
5.60355e-05
9.60729e-05
3.57124e-05
7.33253e-05
0.000103093
6.42656e-05
7.07255e-05
6.67717e-05
6.40783e-05
6.99485e-05
6.61107e-05
9.64942e-05
6.37312e-05
7.97408e-05
4.66971e-05
4.35512e-05
6.78189e-05
7.88691e-05
6.1352e-05
9.35097e-05
6.66478e-05
2.61748e-05
6.09768e-05
6.5193e-05
7.28614e-05
0.0001162
9.6264e-05
7.19794e-05
5.7751e-05
8.07285e-05
8.16879e-05
6.16225e-05
8.35043e-05
7.26757e-05
8.61205e-05
7.0847e-05
7.37143e-05
7.91964e-05
7.25517e-05
8.39298e-05
0.000103878
8.52987e-05
8.86408e-05
7.94692e-05
1.17047e-05
6.40497e-05
5.93546e-05
7.33183e-05
6.62135e-05
9.2662e-05
7.35428e-05
7.51693e-05
7.10307e-05
7.31783e-05
3.86879e-05
3.11398e-05
6.46619e-05
6.73687e-05
7.04615e-05
6.97257e-06
4.34107e-05
7.48557e-05
3.63913e-05
7.1193e-05
9.03299e-05
6.46711e-05
7.41389e-05
6.82363e-05
0.000107163
8.14267e-05
8.09819e-05
9.41737e-05
7.66035e-05
7.4268e-05
6.99293e-05
6.32419e-05
3.27874e-08
4.75082e-07
8.89929e-05
9.39919e-05
7.94933e-05
6.57793e-05
6.90029e-05
6.76488e-05
6.55203e-05
5.98639e-05
7.26656e-05
9.48718e-05
6.99678e-05
8.33551e-05
9.86789e-05
4.99329e-05
7.28752e-05
6.16188e-05
2.90121e-06
2.85172e-05
9.7704e-05
0.000113715
4.128e-05
4.52328e-06
7.7337e-05
6.36941e-05
9.44421e-05
7.7901e-05
7.43728e-05
5.72073e-05
6.62947e-05
7.7961e-05
8.57874e-05
8.6947e-05
6.80361e-05
7.57494e-05
6.34889e-05
8.79997e-05
6.23835e-05
2.07329e-05
5.72502e-05
6.52337e-05
7.1671e-05
1.88529e-05
4.05868e-05
9.3474e-05
2.02138e-05
6.39034e-05
7.47154e-05
6.28987e-05
1.31554e-05
5.98727e-07
3.19661e-05
2.00782e-05
0.00011465
6.5746e-05
6.44647e-05
7.23691e-05
3.7098e-05
6.05261e-05
5.33272e-05
7.31286e-05
9.04281e-05
7.04912e-05
7.13717e-05
5.90487e-05
7.27445e-05
7.4493e-05
8.75889e-05
1.02948e-05
3.31719e-05
7.92595e-05
7.49811e-05
1.21119e-07
1.19285e-05
1.27422e-06
5.35657e-08
6.34326e-05
5.14744e-05
7.63864e-05
3.98164e-05
6.12687e-05
0.000109704
0.000111249
6.44147e-05
7.94387e-05
1.98542e-07
6.35674e-05
6.38466e-05
3.8509e-05
7.55196e-05
5.57582e-05
7.63554e-05
9.02605e-05
7.34823e-05
3.27036e-05
8.82698e-05
5.3063e-06
3.40333e-05
7.38974e-05
6.98348e-05
6.32182e-05
0.000132781
9.37948e-05
1.38857e-06
2.3207e-06
5.95359e-05
3.21253e-05
9.8368e-06
3.67881e-05
6.84065e-05
8.46405e-05
6.62551e-05
7.61157e-05
7.34013e-05
9.16954e-05
6.62268e-05
6.05759e-05
7.53918e-05
1.05546e-05
1.65338e-05
1.01385e-05
4.92379e-06
6.55081e-05
2.61276e-05
6.53442e-05
9.18984e-06
4.77653e-05
0.000116589
6.93796e-05
0.000108121
6.74975e-05
6.68036e-05
8.78005e-05
7.57242e-05
7.50154e-05
6.44457e-05
7.08738e-05
7.03272e-05
8.93967e-05
8.36101e-05
9.16017e-05
6.61718e-05
0.000101339
6.77506e-05
8.10413e-05
5.54647e-05
6.64268e-05
6.06571e-05
6.06613e-05
7.04194e-05
7.54485e-05
6.5965e-05
7.67161e-05
8.62322e-07
3.13672e-07
1.00661e-05
7.66889e-05
7.53292e-05
3.02878e-05
8.81197e-05
0.00010567
6.33449e-05
6.19035e-05
5.704e-05
7.17237e-05
0.000616865
0.000183402
3.64378e-05
0.000131572
9.35238e-05
8.11161e-05
9.83718e-05
9.70449e-05
7.34239e-05
5.82899e-05
8.13478e-05
7.06986e-05
6.88845e-05
4.72292e-05
8.22586e-05
4.89224e-05
7.60443e-05
8.62816e-05
6.0972e-05
7.86458e-05
8.14903e-05
1.59884e-05
7.76536e-05
6.59404e-05
7.2862e-05
3.39424e-05
7.03849e-05
6.08197e-05
6.45258e-05
7.22452e-05
6.37756e-05
3.46089e-05
7.86849e-05
7.91367e-05
9.26043e-05
5.87822e-05
3.48899e-05
9.39641e-05
7.47944e-05
7.53861e-05
5.62819e-05
4.22773e-05
8.44031e-05
9.57074e-05
8.68765e-05
7.57376e-05
3.37533e-05
3.78776e-05
7.41955e-05
5.27758e-05
9.09297e-05
6.05766e-05
5.81123e-05
6.87802e-05
8.51088e-05
5.91526e-05
7.9586e-05
8.38732e-05
9.81764e-05
6.83977e-05
7.35339e-05
5.93068e-05
6.66218e-05
6.12217e-05
5.85193e-05
7.65019e-05
7.28754e-05
5.77171e-05
8.29745e-05
9.07207e-05
7.47774e-05
0.000102032
7.63774e-05
6.99945e-05
9.82248e-05
8.05556e-05
7.11286e-05
6.60607e-05
8.11618e-05
0.000102437
9.03661e-05
6.43657e-05
6.01979e-05
2.31474e-06
3.33965e-05
7.60007e-05
6.75412e-05
4.4087e-05
6.60837e-05
7.83137e-05
5.90613e-05
8.18134e-05
6.10933e-05
5.27704e-05
7.56572e-05
7.54846e-05
1.31574e-05
3.64483e-05
7.40308e-05
0.000114484
5.47679e-05
6.90719e-05
7.17869e-05
7.18064e-05
8.23826e-05
1.79758e-05
6.55265e-05
0.000105263
7.32002e-05
6.27686e-05
6.24879e-05
8.03393e-06
6.93057e-05
7.85088e-05
7.32417e-05
8.00997e-05
6.77726e-05
6.25949e-05
3.37592e-05
3.27778e-05
7.02922e-05
0.000101359
8.07282e-05
8.84544e-05
8.64103e-05
7.23625e-05
6.89798e-05
9.60771e-05
5.60641e-05
7.83983e-05
7.01398e-05
7.22931e-05
5.79041e-05
3.82546e-05
1.96878e-06
7.82683e-05
5.50317e-05
6.97981e-05
6.61905e-05
7.951e-05
5.04712e-05
7.25989e-05
7.60351e-05
2.87033e-05
4.36771e-05
6.94248e-05
4.0403e-05
8.79696e-05
6.57898e-05
1.69533e-05
6.83847e-05
7.59118e-05
6.89598e-05
7.29982e-05
6.3739e-05
6.58866e-05
6.79846e-05
6.19518e-05
5.55372e-05
8.73259e-05
6.78566e-05
7.18293e-05
9.29287e-05
6.45478e-05
2.77385e-05
6.75545e-05
6.08454e-05
8.37812e-05
5.58938e-05
6.36178e-05
6.97084e-05
6.98379e-05
6.52611e-05
7.57536e-05
7.85718e-05
7.98289e-05
7.98127e-05
1.54318e-05
6.40103e-06
3.51049e-05
8.30389e-05
4.94988e-05
6.64533e-05
7.56196e-05
6.59068e-05
6.38839e-05
7.2791e-05
8.57066e-05
6.31344e-05
7.18384e-05
2.92521e-06
2.22731e-05
8.90396e-05
1.60458e-05
3.9456e-05
6.37146e-05
6.73902e-05
4.18175e-05
3.54882e-05
6.69328e-05
7.17025e-05
5.98835e-05
7.21705e-05
9.68747e-05
6.84688e-05
9.43723e-05
6.97178e-05
3.02266e-05
5.0591e-05
7.59952e-05
6.97928e-05
6.48792e-05
5.20358e-05
6.79518e-05
6.74347e-05
8.42394e-05
6.95613e-05
3.34937e-05
0.000105995
8.23116e-05
6.40355e-05
7.17527e-05
7.54964e-05
9.40603e-05
6.4564e-05
6.66294e-05
2.11932e-05
8.14735e-05
9.28786e-05
7.19386e-05
7.40905e-05
7.69307e-05
9.24741e-05
9.14663e-05
7.15084e-05
7.84503e-05
6.40675e-05
2.63543e-05
6.67075e-05
8.26576e-05
7.09169e-05
9.01288e-05
8.91822e-05
3.27576e-05
0.000527043
9.96765e-05
1.4191e-05
1.2084e-05
1.90106e-05
2.12315e-05
2.38342e-05
1.62469e-05
1.71156e-05
3.89556e-05
1.56154e-05
1.42737e-05
1.59141e-05
2.84239e-05
1.02844e-05
1.32922e-05
1.64633e-05
1.68747e-05
0.00145942
4.1686e-05
2.64211e-05
1.94863e-05
1.35006e-05
1.87427e-05
1.19689e-05
9.75737e-06
1.70108e-05
1.04188e-05
1.4472e-05
1.35868e-05
1.18829e-05
1.9791e-05
7.02479e-06
2.7266e-05
7.44228e-06
1.45699e-05
1.69737e-05
3.14336e-05
3.03769e-05
3.97635e-05
1.73938e-05
1.45617e-05
1.92055e-05
1.79386e-05
1.34141e-05
1.95803e-05
1.51908e-05
1.34342e-05
1.98451e-05
1.72628e-05
0.00232133
0.000151315
3.71399e-05
7.59637e-05
7.04953e-05
7.29634e-05
8.361e-05
7.90045e-05
7.33137e-05
5.58914e-05
0.000106569
8.85884e-05
7.0806e-05
6.1342e-05
6.74572e-05
8.41807e-05
1.96107e-05
3.57688e-05
6.78865e-05
5.75247e-05
6.08342e-05
0.00112211
0.000200385
6.11423e-05
7.98821e-05
6.34367e-05
8.10426e-05
5.80528e-05
6.05216e-05
7.25453e-05
7.06533e-05
6.8595e-05
6.36306e-05
7.36922e-05
6.69773e-05
6.61654e-05
6.24469e-05
2.48702e-05
1.74804e-05
7.10252e-05
8.95581e-05
6.5339e-05
6.37216e-05
1.98925e-05
6.64511e-05
0.000135541
5.42992e-05
6.93355e-05
7.72539e-05
7.62484e-05
7.62936e-05
8.05559e-05
5.02447e-05
7.1003e-05
7.68736e-05
9.0874e-05
0.000262098
3.43834e-05
0.000334402
5.56274e-05
6.55001e-05
0.000133987
7.04774e-05
9.31932e-05
8.34963e-05
6.99506e-05
7.62205e-05
7.44009e-05
3.32577e-05
3.72234e-05
6.48629e-05
6.4072e-05
8.86089e-05
8.34892e-05
6.62293e-05
5.5419e-05
5.83768e-05
3.48159e-05
6.96469e-06
9.37463e-05
5.66391e-05
6.17705e-05
0.000124321
6.32899e-05
6.8283e-05
7.81596e-05
6.57744e-05
6.05188e-05
6.45696e-05
6.56148e-05
7.42604e-05
1.23168e-05
2.01656e-05
3.44314e-05
4.57683e-05
7.43315e-05
4.21821e-05
3.65258e-05
6.45466e-05
7.87081e-05
0.000106118
7.00896e-05
6.99148e-05
8.77892e-06
0.000115396
5.73176e-05
2.29155e-05
3.35916e-05
9.71631e-05
6.78961e-05
7.31318e-05
7.64744e-05
3.72876e-06
9.8878e-05
8.43176e-05
6.82589e-05
4.35972e-05
8.95908e-05
5.07814e-05
5.96956e-05
7.15398e-05
8.15218e-05
6.26823e-05
7.12175e-05
6.29132e-05
6.86622e-05
8.20782e-05
7.26469e-05
5.56636e-05
6.77397e-05
9.40229e-06
6.46023e-05
5.82902e-05
8.13846e-05
0.000126594
0.000161008
4.82267e-05
0.000130008
6.89666e-05
9.73348e-05
6.75932e-05
3.41077e-05
6.77269e-05
6.13066e-05
6.68559e-05
6.17449e-05
7.45147e-05
5.7921e-05
6.13933e-05
7.39139e-05
6.85533e-05
6.76504e-05
8.81592e-05
7.35256e-05
7.20788e-05
6.30629e-05
6.56781e-05
5.76827e-05
9.04723e-05
8.14615e-05
0.000137487
2.69303e-05
6.62455e-05
7.06478e-06
3.30983e-05
6.89537e-05
5.50874e-05
6.33375e-05
6.44797e-05
7.0203e-05
8.79509e-05
6.42474e-05
6.48523e-05
5.8279e-05
4.39436e-06
2.04389e-05
0.0001015
7.46418e-05
9.65117e-05
6.29736e-05
4.19682e-05
6.13771e-05
7.90167e-05
6.93962e-05
3.30336e-05
5.84884e-05
8.28997e-05
5.71534e-05
6.38818e-05
9.75058e-05
5.61875e-05
3.72841e-05
4.57475e-05
0.000134146
7.89369e-05
6.7374e-05
4.46885e-06
2.00845e-05
7.36114e-05
7.56128e-05
7.53326e-05
7.87011e-05
6.61508e-05
6.6886e-05
6.60038e-05
6.8548e-05
0.00010943
5.56878e-05
6.44894e-05
8.21391e-05
9.42118e-05
5.95456e-05
3.84276e-05
7.74872e-05
7.67507e-05
7.44192e-05
7.29998e-05
6.04854e-05
6.22054e-05
0.000159324
6.51707e-05
9.95634e-05
8.99132e-05
7.70853e-05
6.81337e-05
5.4412e-05
6.63366e-05
8.97938e-05
3.47542e-05
4.0244e-05
5.93647e-05
3.2769e-05
8.83028e-05
7.92925e-05
9.58623e-05
8.77018e-05
4.26667e-05
5.20682e-05
5.86555e-05
7.12046e-05
8.36809e-05
7.14015e-05
8.69448e-05
6.8855e-05
7.42755e-05
7.42231e-05
0.000430339
9.66842e-06
8.17191e-05
6.7251e-05
6.11916e-05
6.23995e-05
7.79533e-05
7.39795e-05
3.18686e-05
6.43972e-05
7.46706e-05
6.97644e-05
6.29324e-05
5.51568e-05
0.000100725
9.40611e-05
8.69515e-05
8.74799e-05
3.43344e-05
8.02027e-05
7.25369e-05
0.000107717
5.96144e-05
7.2752e-05
5.74411e-05
7.13136e-05
9.64016e-05
7.60812e-05
6.0182e-05
6.80201e-05
7.25131e-05
7.23306e-05
7.13759e-05
2.07576e-05
1.8973e-05
6.26881e-05
6.59183e-05
7.17062e-05
6.23384e-05
5.73197e-05
7.89389e-05
8.16547e-05
6.95813e-05
9.65425e-05
5.01707e-05
4.37911e-05
3.9929e-05
3.27666e-05
0.000115812
8.32337e-05
5.97669e-05
6.17938e-05
6.69057e-05
8.15573e-05
7.12942e-05
9.25405e-05
6.58617e-05
7.71294e-05
5.3446e-05
6.68522e-05
7.28181e-05
6.16981e-05
6.68978e-05
6.74678e-05
2.11409e-05
4.33379e-05
8.21806e-05
8.83041e-05
5.87468e-05
6.64261e-05
6.22202e-05
6.78523e-05
7.14146e-05
8.57903e-05
8.78147e-05
6.83923e-05
6.91837e-05
0.000110592
8.20828e-05
6.03221e-05
0.000110205
6.38984e-05
9.70003e-05
7.9198e-05
6.09466e-05
0.000106259
7.26496e-05
6.30068e-05
6.65841e-05
6.95073e-05
9.80696e-05
6.37905e-05
3.61759e-05
4.37974e-05
0.000180979
7.81054e-05
6.0455e-06
6.33797e-05
4.19205e-05
4.06054e-05
3.93274e-05
3.09221e-05
3.67663e-05
3.30893e-05
5.07482e-05
3.05857e-05
5.19672e-05
4.3022e-05
3.73346e-05
3.34923e-05
3.13969e-05
4.66223e-05
8.65677e-05
3.15896e-05
4.11793e-05
3.84703e-05
3.98143e-05
4.19401e-05
3.75065e-05
3.63284e-05
3.64375e-05
4.52249e-05
4.46645e-05
4.1453e-05
5.5043e-05
3.39815e-05
6.32124e-05
6.6738e-05
3.45809e-05
4.44932e-05
6.04722e-05
3.66659e-05
4.1341e-05
3.4433e-05
3.27798e-05
3.77114e-05
6.54567e-05
7.57563e-05
8.4351e-05
6.9866e-05
6.69982e-06
3.62177e-05
8.23703e-05
8.04522e-05
5.56753e-05
6.53854e-05
9.64117e-05
6.98068e-05
8.15761e-05
5.85841e-05
2.9003e-05
7.19094e-05
9.21327e-05
6.10613e-05
7.26093e-05
5.56527e-05
8.18135e-05
9.73771e-05
5.99307e-05
7.19162e-05
6.99328e-05
6.62701e-05
6.73567e-05
7.59204e-05
3.66173e-05
1.64135e-05
3.72542e-05
6.66532e-05
7.67438e-05
8.41391e-05
4.83153e-06
9.99891e-06
8.22072e-05
6.77705e-05
6.91868e-05
1.52635e-05
6.75558e-05
7.94711e-05
6.11963e-05
6.96106e-05
4.86379e-05
5.87359e-05
6.51435e-05
8.96259e-05
7.35717e-05
4.11171e-05
7.0282e-05
6.34184e-05
0.00010987
8.05823e-05
8.05796e-05
5.77377e-05
7.76103e-05
7.40006e-05
6.1746e-05
6.38518e-05
5.75368e-05
7.59258e-05
6.41598e-05
8.95919e-05
1.18285e-05
3.57656e-05
0.000105638
0.000117078
5.35433e-05
6.64384e-05
9.1714e-05
6.65109e-05
0.000116866
6.86315e-05
9.36073e-05
5.92056e-05
6.4422e-05
6.94763e-05
7.05989e-05
7.22513e-05
7.08245e-05
7.1395e-05
7.53324e-05
8.01405e-05
4.56621e-05
7.00979e-05
7.32287e-05
6.39847e-05
9.5251e-05
8.12968e-05
7.36108e-05
9.21974e-05
6.21151e-05
7.82985e-05
6.25527e-05
5.57951e-05
6.11566e-05
6.71966e-05
9.64606e-05
6.58682e-05
7.6039e-05
6.46947e-05
7.78292e-05
9.34426e-05
8.37731e-05
4.88541e-05
7.92094e-05
6.51211e-05
7.90015e-05
8.08384e-05
6.46179e-05
8.624e-05
5.19075e-05
0.000105164
4.44328e-05
7.58369e-05
8.8414e-05
7.80557e-05
6.99029e-05
9.42649e-05
8.31158e-05
0.000118618
4.71302e-05
0.000106068
9.98998e-05
6.94933e-05
6.12621e-05
0.000106607
6.52192e-05
8.22191e-05
8.59334e-05
8.33795e-05
9.35073e-05
6.56439e-05
8.33305e-05
8.02626e-05
8.23685e-05
6.47467e-05
7.90327e-05
5.91657e-05
7.77795e-05
6.40754e-05
7.65584e-05
7.14123e-05
7.83603e-05
6.10303e-05
8.76399e-05
7.43129e-05
1.94949e-05
8.0081e-05
6.10132e-05
8.35927e-05
8.49392e-05
6.11505e-05
0.000104225
7.83892e-05
6.6065e-05
6.58555e-05
7.54636e-05
9.42122e-05
7.67211e-05
7.62849e-05
7.45504e-05
7.2443e-05
6.72186e-05
7.28267e-05
8.4313e-05
8.89365e-05
8.69774e-05
9.2572e-05
5.38825e-05
5.91129e-05
8.72379e-05
6.95705e-05
8.23952e-05
8.44385e-05
6.5345e-05
7.07133e-05
6.55495e-05
6.53511e-05
9.14388e-05
7.27548e-05
9.23104e-05
8.21813e-05
6.20722e-05
4.00793e-05
9.42566e-05
8.32735e-05
6.64166e-05
7.46643e-05
6.51739e-05
6.48968e-05
2.60279e-05
4.44097e-05
7.1825e-05
4.26052e-05
6.75413e-05
6.5309e-05
7.43244e-05
7.05287e-05
8.92575e-05
7.79574e-05
7.02395e-05
7.43795e-05
8.9853e-05
7.85681e-05
7.67713e-05
5.71118e-05
5.30567e-05
7.30915e-05
5.61259e-05
6.65541e-05
5.97281e-05
7.62503e-05
7.84132e-05
6.71109e-05
3.85455e-05
6.18265e-05
8.4274e-05
7.69824e-05
9.45126e-05
9.48452e-05
7.09425e-05
7.71874e-05
3.29822e-05
1.83053e-08
0.000106572
6.50135e-05
5.76533e-05
5.6516e-05
6.89658e-05
6.32984e-05
7.54778e-05
7.25367e-05
5.57297e-05
7.22951e-05
7.2587e-06
2.78075e-05
6.79091e-05
7.61481e-05
0.000104732
6.5326e-05
6.63627e-05
7.42415e-05
6.88013e-05
7.71763e-05
6.2622e-05
9.21243e-05
1.76381e-05
6.66815e-05
7.22353e-05
8.27497e-05
8.47006e-05
7.32388e-05
6.53593e-05
8.32927e-05
5.04483e-05
4.86413e-05
9.66922e-05
6.50071e-05
9.72274e-06
3.92409e-05
7.09169e-05
6.31557e-05
8.76099e-05
8.37725e-05
9.08612e-05
0.000127462
6.44488e-05
5.41552e-05
4.55542e-05
7.68263e-05
9.31489e-05
7.68884e-05
0.000100197
8.62692e-05
2.57246e-05
7.98957e-05
0.000101967
8.47715e-05
7.27397e-05
7.91122e-05
9.0212e-05
7.19683e-05
5.84277e-05
9.0479e-05
7.30404e-05
7.11056e-05
7.25792e-05
8.49332e-05
8.51904e-05
6.65942e-05
9.73149e-05
6.57739e-05
6.30367e-05
0.000316932
9.24412e-05
8.45298e-05
3.77257e-05
7.99887e-05
5.18241e-05
8.51537e-05
0.000100207
3.80281e-05
3.46787e-05
9.63282e-05
7.51437e-05
6.19888e-05
6.096e-05
6.04416e-05
7.14727e-05
5.58442e-05
1.7326e-05
6.54653e-05
5.31645e-05
4.92431e-05
7.3133e-05
5.10214e-05
4.7161e-05
1.16732e-05
0.000103624
6.69004e-05
8.0351e-05
6.4633e-05
5.20144e-05
0.000110506
6.17963e-05
8.62112e-05
5.5078e-05
6.00495e-05
8.37823e-05
1.23455e-05
6.28453e-05
8.14002e-05
8.59517e-05
4.83867e-05
5.88276e-05
0.000152577
5.94286e-05
9.39281e-05
6.74896e-05
8.72369e-05
6.22815e-05
2.83154e-05
6.03092e-05
6.95996e-05
0.000151822
5.44052e-05
5.72126e-05
9.42123e-05
6.8815e-05
9.9165e-05
5.32101e-05
7.72211e-05
4.38235e-05
8.59641e-05
8.29512e-05
7.44128e-05
6.05431e-05
1.14561e-05
6.01568e-05
7.71231e-05
0.000118709
7.1778e-05
8.21306e-05
4.774e-05
1.29415e-06
6.86585e-05
6.48273e-05
6.37584e-05
7.04202e-05
0.00011127
5.8109e-05
6.55571e-05
8.6609e-05
6.38832e-05
5.02526e-05
5.51355e-05
4.27314e-05
6.52439e-05
8.83369e-05
7.93694e-05
7.21335e-05
8.63993e-05
8.33053e-05
5.71827e-05
7.44376e-05
8.44649e-05
3.44859e-05
7.88476e-06
6.79388e-05
6.52751e-05
8.7471e-05
7.67204e-05
0.000204189
5.78942e-05
5.72091e-05
8.25262e-05
5.61286e-05
1.20535e-05
2.40283e-05
4.94594e-05
5.29226e-05
6.06236e-05
3.37803e-06
2.34704e-05
6.45092e-05
1.0636e-05
5.25989e-05
7.14076e-05
3.96284e-05
3.49131e-05
7.68868e-05
6.36054e-05
6.43655e-05
3.33326e-05
6.49353e-05
3.28527e-05
7.10831e-05
0.000100299
7.59302e-05
1.89937e-05
6.1457e-05
5.97383e-05
0.000125367
9.5872e-05
0.000183226
5.63514e-05
7.01097e-05
9.55159e-05
8.7499e-05
7.98677e-05
8.74008e-05
7.72522e-05
6.19383e-05
0.000103234
8.75775e-05
8.36027e-05
4.37893e-05
9.32545e-05
7.22087e-05
8.91103e-05
6.72856e-05
7.21767e-05
7.43601e-05
6.93738e-05
9.54288e-05
6.50631e-05
7.81653e-05
6.6185e-08
2.01248e-10
8.23287e-05
6.47589e-05
5.66798e-05
3.30151e-05
0.00010874
6.93005e-05
7.13951e-05
6.19893e-05
6.80493e-05
7.79979e-05
9.902e-05
7.11545e-05
6.39824e-05
6.60906e-05
6.90961e-05
9.5421e-05
7.12355e-05
8.36241e-05
7.15257e-05
1.44005e-06
4.30166e-05
6.59248e-05
6.14012e-05
6.55449e-05
7.3875e-05
9.27768e-05
8.51663e-05
8.62801e-05
6.81293e-05
7.33494e-05
6.63559e-05
5.64982e-05
7.79567e-05
8.68254e-05
8.15546e-05
9.91992e-05
6.29735e-05
6.29946e-05
6.77701e-05
6.49473e-05
0.000105181
8.15057e-05
6.3939e-05
6.6343e-05
6.46266e-05
7.60562e-05
4.34747e-05
7.92771e-05
3.36406e-05
3.36873e-06
6.89459e-05
2.14045e-05
8.46245e-05
6.57045e-05
7.44881e-05
5.64121e-05
3.71957e-05
5.16217e-05
7.65021e-05
7.22781e-05
6.54436e-05
8.98353e-05
6.74655e-05
3.82608e-05
5.19003e-06
8.70423e-06
8.78894e-05
6.58997e-05
7.63623e-05
8.825e-05
7.4659e-05
1.17405e-05
1.33034e-05
6.32036e-05
0.00010287
6.68636e-05
6.85484e-05
6.61369e-05
6.05544e-05
6.81819e-05
7.2942e-05
7.17499e-05
8.54037e-05
7.31487e-05
5.79299e-05
7.373e-05
7.31659e-05
8.0731e-05
6.51786e-05
7.78542e-05
8.21138e-05
5.86735e-05
6.92425e-05
7.25404e-05
6.20229e-05
8.00193e-05
6.60549e-05
6.42165e-05
7.02233e-05
8.84731e-05
0.000100447
9.32924e-05
9.53791e-05
6.12755e-05
6.42414e-05
8.88118e-05
8.92062e-05
0.000136064
0.000100177
6.21429e-05
6.76757e-05
7.04758e-05
7.25766e-05
6.4553e-05
6.50007e-05
6.64555e-05
5.82282e-05
6.27793e-05
5.68229e-05
7.43135e-05
0.000111025
8.24443e-05
7.03194e-05
4.11874e-05
6.66788e-05
4.96773e-05
7.05861e-05
6.97217e-05
8.41907e-05
6.937e-05
5.89501e-05
6.66415e-05
3.49842e-05
5.28195e-05
8.75038e-05
8.13123e-05
7.42736e-05
7.08962e-05
6.61066e-05
6.77914e-05
9.12339e-05
8.47083e-05
9.26104e-05
6.51365e-05
7.08335e-05
9.85635e-05
8.3581e-05
8.27336e-05
6.87663e-05
5.73616e-05
7.06583e-05
8.11833e-05
6.49379e-05
7.5417e-05
6.83973e-05
6.67201e-05
7.12967e-05
8.72691e-05
7.19342e-05
6.42703e-05
6.70247e-05
6.59373e-05
8.13769e-05
6.67329e-05
7.02065e-05
7.46312e-05
7.2367e-05
7.85844e-05
3.23757e-05
7.36399e-05
7.59502e-05
7.73196e-05
7.10527e-05
9.13649e-05
6.06276e-05
5.47928e-05
7.43217e-05
0.000102086
5.58204e-05
6.88819e-05
6.97693e-05
5.43953e-05
7.89515e-05
6.82209e-05
2.55201e-05
5.26282e-05
7.42248e-05
6.10141e-05
3.39028e-05
3.43018e-05
8.07478e-05
8.82487e-05
8.10067e-05
8.33884e-05
6.32283e-05
7.58951e-05
5.55771e-05
4.39327e-05
9.62687e-05
9.27733e-05
9.27027e-05
7.36897e-05
7.07785e-05
4.98472e-05
2.28467e-05
1.8307e-05
4.04971e-05
3.12498e-05
6.47172e-05
6.65817e-05
6.88105e-05
4.18451e-05
4.04097e-05
8.82903e-05
6.4966e-05
6.07283e-05
6.04648e-05
8.43216e-05
5.79156e-05
5.55608e-05
9.12683e-05
6.73507e-05
7.00311e-05
7.52692e-05
0.000101407
8.82051e-05
7.32212e-05
9.06236e-05
8.17779e-05
3.70907e-05
0.00012042
8.22274e-05
0.000110991
2.16975e-05
4.6257e-05
6.92225e-05
6.12764e-05
9.3219e-05
2.64379e-05
4.11872e-05
6.89465e-05
6.94348e-05
8.1409e-05
7.46769e-05
5.82516e-05
8.42335e-05
7.42761e-05
7.81283e-05
1.17389e-05
5.56578e-08
5.2714e-05
6.63154e-05
5.98528e-05
7.69978e-05
0.000140831
3.94899e-05
4.25855e-05
7.06107e-05
7.6994e-05
5.79257e-05
1.75222e-07
1.53623e-05
4.10764e-06
5.40892e-05
0.000111809
7.33016e-05
7.83246e-05
7.65625e-05
0.000121218
7.0864e-05
8.5572e-05
6.86222e-05
8.47271e-05
7.73721e-05
6.83493e-05
8.09207e-05
7.59635e-05
7.54918e-05
8.19786e-05
7.35504e-05
7.22173e-05
0.000128782
8.21122e-05
7.95568e-05
4.26029e-05
6.22579e-05
5.94207e-05
6.91089e-05
7.46863e-05
6.12282e-05
7.21957e-05
6.38114e-05
6.85015e-05
6.58442e-05
6.64811e-05
7.27389e-05
6.87832e-05
7.58422e-05
7.88737e-05
7.5251e-05
6.77118e-05
6.33979e-05
5.06151e-05
0.000119911
8.49196e-05
9.01507e-05
6.71989e-05
7.14382e-05
8.70538e-05
7.53878e-05
8.39777e-05
7.81172e-05
2.10799e-05
6.03165e-05
7.11522e-05
6.85408e-05
8.77434e-05
7.83281e-05
6.69048e-05
7.61139e-05
7.15297e-05
8.16437e-05
6.44643e-05
0.0001495
5.95652e-05
7.96234e-05
6.91952e-05
7.14134e-05
5.50006e-05
6.50112e-05
6.62576e-05
7.52794e-05
6.4203e-05
6.30494e-05
6.23798e-05
8.11891e-05
3.51809e-05
7.0194e-05
0.000103574
8.25145e-05
4.49519e-05
4.61183e-05
8.01965e-05
5.90485e-05
6.96083e-05
4.58671e-05
5.53596e-05
7.21488e-05
7.33917e-05
6.76888e-05
6.26486e-05
6.20267e-05
6.88341e-05
5.05356e-05
7.02893e-05
7.83469e-05
2.07701e-05
8.17912e-05
1.70705e-05
6.31607e-05
1.8691e-05
5.1078e-05
9.76293e-05
0.000125654
0.000131169
0.000119587
6.84015e-05
5.28679e-05
8.04882e-05
0.000104416
3.98632e-05
8.58604e-05
5.57197e-05
6.4801e-05
7.55913e-05
6.44099e-05
7.47679e-05
6.90356e-05
6.94773e-05
6.2593e-05
6.28867e-05
6.51245e-05
7.04416e-05
8.72779e-05
6.84397e-05
6.60604e-05
0.000130226
5.45077e-05
8.61971e-05
7.8841e-05
7.28823e-05
6.29734e-05
0.00010621
7.50373e-05
7.22325e-05
7.96987e-05
7.6016e-05
2.36509e-06
2.90714e-05
3.33344e-05
6.1298e-05
6.55782e-05
1.12277e-05
6.03571e-05
0.000130806
8.20681e-05
7.13569e-05
5.76337e-05
0.00105374
5.22923e-05
6.314e-05
4.59576e-05
8.23317e-05
5.75206e-05
0.00172175
4.08422e-05
3.20841e-05
1.10857e-05
3.32553e-05
7.19251e-05
1.50987e-05
7.44454e-05
7.95482e-05
7.65856e-05
0.00197091
0.001212
3.37967e-05
0.000187381
5.39732e-05
5.63291e-05
7.79575e-05
1.73446e-05
2.50515e-05
6.21508e-05
8.70858e-05
8.89029e-05
7.38773e-05
0.000404087
0.00023641
1.7713e-05
2.02341e-06
6.2662e-05
8.24194e-05
1.59496e-05
1.68668e-05
6.7322e-06
5.88771e-05
0.000101091
3.9251e-05
8.18714e-05
6.73e-05
3.96572e-05
8.31254e-05
0.000337612
3.78668e-05
4.53138e-08
0.000183041
0.000102261
4.84984e-05
7.21834e-05
7.67474e-06
8.01657e-05
2.24181e-06
3.41308e-05
9.03479e-05
7.68302e-05
6.90745e-05
6.87903e-05
6.39932e-05
7.41927e-05
3.35682e-05
3.76617e-05
0.000284863
8.85252e-05
4.89452e-05
7.88277e-05
7.84484e-05
0.00010552
6.12968e-05
8.35845e-05
2.73865e-05
1.88206e-05
2.79081e-05
4.85181e-05
3.70005e-05
2.84075e-05
5.87442e-05
0.00106746
1.74683e-05
4.66712e-05
6.78463e-05
5.98924e-05
5.91855e-05
3.67672e-05
3.41933e-05
4.89963e-05
1.41607e-05
3.91891e-05
8.16492e-05
7.28189e-05
6.5334e-05
1.91164e-05
7.49591e-05
6.67148e-05
6.66716e-05
0.000102604
6.33047e-05
0.000170318
4.34818e-05
0.000272236
7.21804e-05
7.31922e-05
7.37189e-05
5.98256e-05
5.59092e-05
6.05895e-05
7.80714e-05
6.12054e-05
6.84956e-05
5.88898e-05
4.79544e-05
6.83702e-05
0.00020114
4.13776e-05
4.68378e-05
7.80656e-05
7.5077e-05
6.42215e-05
5.55077e-05
6.00501e-05
6.22742e-05
2.07713e-05
7.00218e-05
5.96554e-05
7.41236e-05
5.1575e-05
2.04775e-05
7.87334e-05
9.09259e-05
9.49225e-05
5.27068e-05
4.5397e-05
6.23e-05
8.49523e-05
7.4228e-05
5.95219e-05
5.99843e-05
6.6018e-05
9.87273e-05
0.000296877
0.000332178
7.51766e-05
7.18873e-05
8.49461e-05
6.70799e-05
7.0517e-05
6.04142e-05
8.20471e-05
5.89595e-05
5.81004e-05
7.75082e-05
8.59073e-05
9.10248e-05
6.87171e-05
3.71035e-05
1.14015e-05
5.20019e-05
7.15547e-05
6.1699e-05
0.000202084
9.34794e-05
6.76362e-05
8.14026e-05
7.37068e-05
3.50549e-05
6.32884e-05
6.76552e-05
7.02199e-05
7.62597e-05
6.34765e-05
8.2445e-05
8.23045e-05
6.92736e-05
6.2305e-05
7.1655e-05
9.51264e-05
6.05937e-05
1.62993e-05
6.83175e-05
0.000102334
7.90627e-05
1.93763e-05
6.20052e-05
6.25495e-05
5.80488e-06
0.000277465
4.21587e-05
6.49415e-05
7.59399e-05
3.52224e-07
6.62262e-05
6.43735e-05
6.62522e-05
6.6987e-05
6.44302e-05
6.97058e-05
5.72845e-05
2.35966e-05
6.16763e-05
6.9591e-05
8.4855e-05
5.86931e-05
8.5647e-05
7.6494e-05
7.61289e-05
1.98536e-05
7.45543e-05
6.49484e-05
6.39404e-05
9.21199e-05
6.37632e-05
8.09849e-05
9.22425e-05
9.10753e-05
8.26018e-05
6.21983e-05
0.000125706
7.07231e-05
8.45956e-05
6.09864e-05
6.6405e-05
6.4232e-05
6.76049e-05
1.7461e-05
7.54565e-05
6.109e-05
5.36967e-05
8.14181e-05
6.23525e-05
5.54396e-05
7.52552e-05
7.19598e-05
6.33717e-05
6.95477e-05
8.68149e-05
5.27501e-05
6.02128e-05
6.9889e-05
7.6918e-05
1.11891e-05
4.74973e-05
7.99867e-05
5.98976e-05
8.34873e-05
5.84205e-05
7.87049e-05
8.47588e-05
2.82426e-06
3.67014e-05
8.72067e-05
8.67138e-05
3.40376e-05
5.36845e-05
6.17007e-05
6.23831e-05
0.00010019
7.4457e-05
7.67445e-05
7.36622e-05
1.04779e-05
3.37226e-05
6.6813e-05
7.75445e-05
9.54439e-05
8.91413e-05
8.03921e-05
6.41725e-05
0.000104907
1.7839e-05
4.27508e-05
6.59813e-05
0.000129206
6.25714e-05
6.67412e-05
6.21005e-05
7.75045e-05
0.000125022
0.000103777
5.9315e-05
7.15906e-05
7.94891e-05
7.68559e-05
0.000107742
6.93975e-05
6.74248e-05
8.18059e-05
8.28783e-05
5.98529e-05
7.8103e-05
5.97743e-05
1.84742e-05
4.06566e-05
6.39444e-05
9.19076e-05
6.28976e-05
1.98481e-05
1.50817e-07
7.9837e-05
7.56994e-05
6.8699e-05
6.2219e-05
6.97421e-05
7.11854e-05
8.58445e-05
5.11752e-05
3.48917e-05
8.49173e-05
6.97899e-05
6.82892e-05
7.24743e-05
7.25893e-05
7.83441e-05
8.21718e-05
6.72691e-05
8.48769e-05
9.88279e-05
7.17078e-05
8.82144e-05
6.76158e-05
3.45097e-05
7.80692e-05
6.67262e-05
8.26788e-05
9.30517e-05
6.93006e-05
3.4863e-05
0.00010187
7.98077e-05
6.73606e-05
6.61868e-05
3.83554e-05
0.000106494
6.73022e-05
7.1921e-05
7.78408e-05
6.99513e-05
2.81899e-06
8.41037e-06
8.82212e-05
7.06862e-05
7.07709e-05
8.97366e-05
5.54653e-05
8.60647e-05
6.72146e-05
6.69755e-05
7.13153e-05
9.14359e-05
5.72809e-05
7.35091e-05
5.6704e-05
6.42845e-05
7.55954e-05
6.67862e-05
3.35121e-05
7.30433e-05
9.4577e-05
7.06952e-05
7.61867e-05
7.49424e-05
6.08521e-05
5.41999e-05
6.28285e-05
7.85986e-05
7.76597e-05
9.89812e-05
8.52431e-05
6.68211e-05
7.80588e-05
6.64322e-05
8.54649e-05
5.66872e-05
7.80135e-05
7.00603e-05
9.10487e-05
9.30797e-05
0.00011154
0.000103379
7.39203e-05
7.45171e-05
8.66294e-05
6.28629e-05
8.44782e-05
7.15858e-05
9.7122e-05
5.2982e-05
8.87672e-05
6.08415e-05
7.53493e-05
5.20349e-05
7.9024e-05
5.45138e-05
6.57245e-05
9.14427e-05
8.53949e-05
6.37253e-05
3.07845e-05
7.88665e-05
6.32674e-05
8.18335e-05
6.67976e-05
6.6797e-05
9.91373e-05
8.23432e-05
6.75418e-05
6.74646e-05
5.59135e-05
9.28736e-05
8.06679e-05
7.71197e-05
8.249e-05
1.01656e-05
5.04504e-05
0.000111927
0.000109289
8.91755e-05
2.86453e-05
8.70218e-05
5.39583e-06
1.66e-05
7.91016e-05
9.3828e-05
6.6142e-05
9.05492e-05
7.89643e-05
7.45384e-05
8.33797e-05
7.04268e-05
7.29769e-05
9.65093e-06
6.98366e-05
6.68088e-05
7.80317e-05
7.09246e-05
7.27942e-05
4.16914e-05
6.49634e-05
8.65964e-05
5.9091e-05
7.47023e-05
1.84167e-05
5.1207e-05
6.07289e-05
8.42445e-05
7.56232e-05
9.39777e-05
6.39599e-05
6.85464e-05
7.15369e-05
8.52556e-05
6.5076e-05
7.67955e-05
6.24976e-05
6.84443e-05
7.39746e-05
6.4569e-05
8.12035e-05
6.12635e-05
7.28213e-05
6.16155e-05
7.75104e-05
6.09603e-05
1.65426e-05
7.96395e-05
6.60369e-05
7.50347e-05
7.67698e-05
8.71332e-05
3.67247e-05
1.63594e-05
6.45994e-05
8.57765e-05
9.95117e-05
7.24648e-05
8.76151e-05
6.60198e-05
5.98628e-05
8.57073e-05
7.08783e-05
6.15434e-05
6.81104e-05
6.72262e-05
6.9278e-05
9.14859e-05
7.60041e-05
6.6982e-05
6.86847e-05
9.0588e-05
8.31826e-05
4.29717e-05
8.07339e-05
6.59949e-05
8.76545e-05
2.41108e-05
6.70385e-05
7.27489e-05
7.05231e-05
6.39351e-05
7.27941e-05
4.1824e-05
3.69247e-05
7.87586e-05
7.66729e-05
5.84334e-05
6.65744e-05
6.29373e-05
6.29636e-05
5.76744e-05
8.9785e-05
6.71252e-05
6.84029e-05
4.94672e-05
2.55536e-05
6.66728e-05
7.29833e-05
8.531e-05
7.901e-05
9.60357e-05
4.00958e-05
9.10952e-05
8.0826e-05
7.91899e-05
3.6935e-05
6.86858e-05
4.69834e-05
9.11806e-05
5.23751e-05
3.08392e-05
5.7104e-05
3.45253e-05
8.75731e-05
8.6361e-05
6.14524e-05
6.24723e-05
5.94575e-05
9.16458e-05
7.52408e-05
6.37474e-05
4.78434e-05
7.39495e-05
7.29758e-05
6.33275e-05
4.28962e-05
7.15364e-05
4.25448e-05
8.35459e-05
5.01584e-05
7.09673e-05
8.73033e-05
6.89546e-05
7.56823e-05
7.22539e-05
2.14907e-05
7.063e-05
1.96273e-05
6.82261e-05
7.05721e-05
7.95243e-05
7.82896e-05
7.324e-05
8.18172e-05
5.77421e-05
7.7118e-05
8.35113e-05
0.000106987
5.60327e-05
8.54341e-05
7.67983e-05
7.02019e-05
7.80989e-05
9.71737e-05
6.83614e-05
8.89793e-05
6.89743e-05
6.73593e-05
7.21236e-05
7.79166e-05
6.87747e-05
9.38782e-05
9.0696e-05
7.34658e-05
7.65279e-05
6.28646e-05
6.70136e-05
8.60985e-05
6.88645e-05
7.62023e-05
9.61653e-05
6.49614e-05
8.80524e-05
7.73035e-05
6.38977e-05
5.78515e-05
3.73929e-05
5.84698e-05
6.01906e-05
7.66585e-05
6.80945e-05
9.24176e-05
7.70247e-05
2.91121e-05
6.0556e-05
6.53092e-05
6.26277e-05
7.33435e-05
6.23329e-05
6.64051e-05
6.38169e-05
3.21947e-05
3.53064e-05
6.36028e-05
5.69567e-05
7.60342e-05
6.35213e-05
4.96777e-05
7.99127e-05
7.01949e-05
6.41898e-05
9.80862e-05
8.07194e-05
0.000113435
6.6134e-05
9.64865e-05
5.5587e-05
9.02089e-06
5.5276e-05
9.49802e-05
5.85075e-05
7.60937e-05
6.95578e-05
6.91079e-05
7.66616e-05
6.79604e-05
7.37743e-05
0.000111897
4.8303e-05
0.000104888
0.000105969
7.74501e-05
6.71458e-05
1.02581e-06
7.49078e-05
9.63612e-05
7.1291e-05
9.04708e-05
4.61214e-05
6.51929e-05
7.2853e-05
5.65985e-05
5.34374e-05
1.4534e-05
1.45523e-05
6.4591e-05
6.05093e-05
6.78652e-05
6.84393e-05
1.34049e-05
9.158e-05
6.69652e-05
5.37245e-06
3.33425e-05
8.08698e-05
4.85602e-05
6.78636e-05
6.77461e-05
9.30251e-05
1.00384e-05
5.89629e-05
6.2137e-05
6.52344e-05
6.43674e-05
7.49054e-05
7.19578e-05
7.41995e-05
7.03065e-05
7.94818e-05
9.82315e-05
6.12502e-05
8.60559e-05
6.74884e-05
6.99099e-05
0.000152958
6.08715e-05
7.40189e-05
5.77311e-05
7.21061e-05
9.09605e-05
7.22721e-05
9.99591e-05
6.34015e-05
6.27143e-05
6.28379e-05
7.48892e-05
8.77151e-05
5.98134e-05
7.17256e-05
8.50882e-05
6.85492e-05
7.974e-05
7.46719e-05
5.61571e-05
6.86845e-05
6.09747e-05
4.96171e-05
6.27769e-05
6.16606e-05
5.93189e-05
7.1572e-05
7.71933e-05
9.10268e-05
8.61925e-05
6.68317e-05
3.75765e-05
3.61987e-05
2.57577e-05
3.44635e-05
4.78879e-05
3.72293e-05
7.31594e-05
4.82676e-05
8.78764e-05
7.19207e-05
6.10762e-05
3.4912e-06
8.09658e-05
0.000114062
5.43158e-05
3.86128e-05
7.96796e-05
6.41223e-05
7.71509e-05
8.91889e-05
5.78586e-05
6.77395e-05
0.000103601
6.40636e-05
5.8829e-05
9.3619e-05
8.31683e-05
1.26984e-05
4.36674e-05
8.01886e-05
8.98124e-05
6.03657e-05
6.70166e-05
3.91384e-05
8.76285e-05
7.55619e-05
6.30867e-05
8.67952e-05
6.25325e-05
9.75807e-05
7.48539e-05
6.97538e-05
0.000107141
6.54706e-05
4.25577e-05
4.70314e-06
7.7679e-05
6.7295e-05
6.80622e-05
3.63327e-05
2.83013e-06
7.93295e-05
9.88561e-05
8.98495e-05
6.40165e-05
5.7609e-05
6.71457e-05
8.16098e-05
7.44646e-05
5.61706e-06
9.5813e-06
8.52016e-05
4.2827e-05
2.8829e-06
8.51792e-05
8.12987e-05
7.84358e-05
7.7632e-05
6.82893e-05
6.8409e-05
8.02849e-05
9.0387e-05
6.2632e-05
5.95581e-05
8.27183e-05
5.66809e-05
7.85638e-05
6.53825e-05
2.40342e-06
3.86224e-05
6.52184e-05
6.65062e-05
7.20667e-05
5.69002e-05
7.53858e-05
6.05935e-05
8.98692e-05
7.10672e-05
6.54137e-05
7.87883e-05
7.55201e-05
6.98379e-05
6.34483e-05
2.19706e-05
4.73799e-05
7.49966e-05
7.6515e-05
9.85426e-05
6.59206e-05
7.32343e-05
8.66336e-05
7.89887e-05
5.18426e-05
5.37546e-05
5.37012e-05
4.25038e-05
5.33272e-05
4.28211e-05
6.75109e-05
9.06357e-05
6.36805e-05
1.57905e-06
3.27043e-05
7.50719e-05
9.08479e-05
5.77898e-05
6.4727e-05
6.62207e-05
6.09005e-05
6.34671e-05
6.34375e-05
9.7949e-06
0.000114545
7.6769e-05
6.41602e-05
7.18247e-05
8.1706e-05
1.9582e-05
7.31091e-05
7.77045e-05
8.35512e-05
2.54588e-06
4.28906e-06
6.71168e-05
6.57294e-05
3.65305e-05
7.79023e-05
4.7914e-06
3.46781e-05
7.82085e-05
0.000114411
7.16855e-05
7.45385e-05
9.27718e-05
8.80037e-05
6.56755e-05
9.22397e-05
7.57378e-05
5.53828e-05
5.90466e-05
6.15364e-05
9.54252e-05
8.54909e-05
7.29469e-05
5.54149e-05
3.66203e-05
7.37734e-05
7.11551e-05
5.3544e-05
9.10641e-05
5.6219e-05
7.59772e-05
6.14448e-05
7.52167e-05
6.50379e-05
8.08978e-05
7.74947e-05
6.38686e-05
6.76398e-05
6.38309e-05
6.16906e-05
8.50245e-05
8.59557e-05
6.53237e-05
8.32794e-05
8.16131e-05
8.74744e-05
6.89074e-05
6.20257e-05
1.30129e-05
1.34679e-05
7.87133e-05
7.38153e-05
5.93349e-05
0.000105146
7.20509e-05
7.33718e-05
9.33703e-05
8.51772e-05
0.000103787
6.84265e-05
9.00858e-05
7.86532e-05
7.86493e-05
7.38663e-05
8.71267e-05
8.21235e-06
5.51793e-06
5.94847e-06
8.36887e-06
1.79116e-05
9.896e-06
6.76389e-05
2.30583e-05
8.6102e-05
9.04118e-05
7.43685e-05
8.00882e-05
6.84578e-05
9.22548e-05
5.63353e-05
2.89116e-05
7.57772e-05
4.61964e-05
7.15107e-05
0.00014395
6.76202e-05
6.3892e-05
6.46073e-05
7.03709e-05
8.50809e-05
4.58543e-05
3.76362e-05
9.73432e-05
3.67119e-05
4.52127e-05
9.36403e-05
7.95367e-05
6.37886e-05
5.59831e-05
9.03424e-05
7.52325e-05
7.01752e-05
0.000104771
0.000101523
9.32707e-05
5.47527e-05
6.47913e-05
7.53667e-05
6.71223e-05
4.52855e-05
8.18342e-05
6.818e-05
1.47733e-06
6.54938e-05
6.67838e-05
7.30298e-05
5.91737e-05
7.03303e-05
7.64453e-05
7.88641e-05
6.87009e-05
8.89341e-05
8.20102e-05
6.32361e-05
6.52329e-05
7.4118e-05
6.98957e-05
7.21732e-05
4.8393e-05
6.28388e-05
8.91375e-05
6.17427e-05
9.13443e-05
1.97108e-06
6.91904e-06
6.51257e-05
0.000114062
8.94345e-05
6.51289e-05
8.1389e-05
2.4319e-05
4.06499e-05
7.82354e-05
0.000120427
5.63217e-05
5.89617e-06
4.48222e-05
0.000105105
1.62258e-05
8.73032e-07
6.811e-05
4.14288e-05
4.74185e-05
6.74671e-05
6.25916e-05
8.48779e-05
7.29913e-05
5.82435e-05
1.89448e-05
6.4379e-05
7.69156e-05
7.49953e-05
7.71123e-05
7.55454e-05
7.67194e-05
8.36374e-05
6.03454e-05
2.49501e-05
5.56383e-05
8.76001e-05
7.66947e-05
7.00852e-05
6.98014e-05
6.58824e-05
7.32887e-05
7.42953e-05
0.000107993
7.64422e-05
8.16258e-05
4.51976e-06
1.7494e-05
3.69188e-05
1.64055e-05
0.000199609
6.831e-05
7.96513e-05
7.20172e-05
5.74715e-05
9.268e-05
8.40432e-05
1.26061e-05
4.33574e-06
6.37458e-05
7.00605e-05
6.51488e-05
5.76243e-05
5.79298e-05
6.11327e-05
0.00010912
6.91756e-05
7.14579e-05
5.71989e-05
5.77432e-05
8.20379e-05
0.000117344
7.64101e-05
8.86607e-05
7.59291e-05
6.06015e-05
9.66992e-05
7.8692e-05
7.13627e-05
6.9406e-05
5.57668e-05
8.45606e-05
0.000106106
7.74454e-05
5.53896e-05
7.97076e-05
6.95989e-05
7.19294e-05
7.50237e-05
7.2835e-05
8.23961e-05
0.000110267
6.00767e-05
8.91774e-06
9.70639e-06
2.06001e-05
8.93662e-05
6.9056e-06
5.00415e-05
7.75626e-05
4.66267e-05
5.99322e-06
7.5042e-05
9.31848e-05
5.91706e-05
9.77532e-05
2.12349e-05
5.34879e-05
8.61964e-05
6.3445e-05
6.11727e-05
9.10329e-05
6.27757e-05
1.80371e-05
5.43219e-05
7.76132e-05
0.000110576
6.55638e-05
5.6554e-05
2.59949e-05
3.21304e-05
7.07648e-05
6.72145e-05
8.53654e-05
7.30113e-05
7.02057e-05
7.14445e-05
7.37626e-05
6.43773e-05
8.31447e-05
8.79445e-05
6.69386e-05
8.66636e-05
0.000100291
6.43427e-05
8.40647e-05
9.62419e-05
1.92655e-05
0.000119631
6.29436e-05
7.2681e-05
0.000100646
7.65397e-05
6.62064e-05
6.84398e-05
8.01165e-05
6.17413e-05
8.71282e-05
7.65476e-05
6.7192e-05
6.51851e-05
8.22363e-05
6.88073e-05
6.11662e-05
7.12813e-05
0.00011212
7.69309e-05
6.78933e-05
6.15252e-05
3.57415e-05
3.75035e-05
6.36465e-05
0.000116904
7.58705e-05
7.2781e-05
6.63912e-05
9.32603e-05
6.79074e-05
8.42709e-05
7.46352e-05
7.09431e-05
3.73072e-05
3.88776e-05
8.30826e-05
8.642e-05
5.49476e-05
9.38518e-05
5.76408e-05
0.000111107
7.72008e-05
7.24015e-05
8.90513e-05
0.000136033
8.99828e-05
7.94865e-05
2.28943e-05
6.8848e-07
7.37803e-05
0.00010933
0.000113498
1.8501e-05
7.00812e-05
1.31626e-07
8.73838e-05
8.60838e-05
3.26554e-05
1.11948e-05
8.39324e-05
6.74922e-05
6.83232e-05
9.02465e-05
7.60973e-05
6.56891e-05
9.52076e-05
7.33597e-05
6.88434e-05
1.57701e-06
9.1669e-06
0.000107748
1.87205e-05
6.01148e-05
0.000109151
6.26887e-05
5.87371e-05
7.68675e-05
0.000150046
6.30156e-05
6.65274e-05
7.04351e-05
7.75572e-05
7.22372e-05
7.95362e-05
6.90141e-05
7.05461e-05
5.57271e-06
1.97498e-05
6.19586e-05
5.02701e-05
5.58982e-05
3.13706e-05
3.21393e-05
4.93836e-05
6.03454e-05
6.48389e-05
8.17778e-05
5.7807e-05
6.33825e-05
6.22909e-05
6.16707e-05
7.9432e-05
7.42408e-05
0.000100874
6.71739e-05
8.67929e-05
8.00886e-05
6.87632e-05
7.07253e-05
7.79924e-05
7.43833e-05
8.13492e-05
7.41935e-05
5.98918e-05
0.000124477
7.95059e-05
6.2109e-05
8.49484e-05
6.65376e-05
6.04935e-05
0.000281072
9.09799e-05
6.60899e-05
6.62994e-05
6.27291e-05
7.15701e-05
9.63827e-05
6.9512e-05
7.74671e-05
8.69565e-05
7.26353e-05
8.80788e-05
9.40707e-05
7.71071e-05
6.60437e-05
5.89341e-05
7.61129e-05
8.40721e-05
7.92119e-05
6.99853e-05
5.66657e-05
6.46108e-05
0.000110876
2.7516e-05
0.000100988
0.000305146
8.65176e-05
6.29359e-05
5.37404e-05
6.02906e-05
5.3008e-07
8.53035e-05
7.00802e-05
6.27052e-05
3.5064e-05
0.000114963
9.38271e-05
8.12218e-05
8.23476e-05
0.000237177
9.07292e-05
4.51572e-05
3.73986e-05
5.94309e-05
7.33907e-05
8.34822e-05
6.10855e-06
6.58123e-05
1.12488e-05
5.38644e-05
6.98923e-05
9.27671e-05
9.12507e-05
6.30794e-05
8.76288e-05
5.82706e-05
5.67095e-05
0.000134034
7.47916e-05
8.42528e-05
4.5256e-05
6.45062e-05
7.18794e-05
4.05196e-05
6.9112e-05
0.000115771
6.0197e-05
2.75348e-07
3.81961e-05
8.4275e-05
3.3772e-06
7.17528e-05
7.22443e-05
8.37e-05
7.2353e-05
8.02637e-05
9.25424e-05
8.36208e-05
5.88741e-05
0.000103161
2.11968e-05
8.70494e-05
6.34423e-05
7.86221e-05
5.77842e-05
6.91636e-05
6.35722e-05
6.35936e-05
7.9688e-05
2.5316e-05
6.80566e-05
3.62401e-05
2.72196e-05
9.99312e-05
6.99379e-05
7.99155e-05
3.84152e-05
6.74188e-05
4.90714e-05
4.70809e-05
6.98041e-05
3.53772e-05
3.66044e-05
6.43205e-05
6.81623e-05
9.0607e-05
7.14147e-05
3.04229e-05
8.24818e-05
6.2916e-05
7.15224e-05
7.87425e-05
6.76995e-05
7.04216e-05
0.000113397
6.59971e-05
7.70754e-05
8.04509e-05
6.31256e-05
7.09657e-05
6.60959e-05
6.55367e-05
9.14639e-05
4.79728e-05
7.92666e-05
7.15274e-05
4.44963e-05
7.30896e-05
7.42162e-05
7.17691e-05
6.38848e-05
6.55749e-06
2.75153e-05
8.52759e-05
0.000116326
9.30441e-05
8.99724e-05
7.579e-05
6.47273e-05
7.41232e-05
7.43488e-05
6.41958e-05
7.28393e-05
7.02915e-05
6.75302e-05
7.5171e-05
7.8008e-05
7.89631e-05
5.81885e-05
8.87888e-05
6.93434e-05
5.53964e-05
6.44995e-05
5.85913e-05
6.70144e-05
6.44584e-05
0.000102201
6.57431e-05
4.02418e-05
6.30047e-05
7.21901e-05
6.92446e-05
5.4371e-05
9.9187e-05
5.27273e-05
8.43577e-05
8.61693e-05
7.4584e-05
6.45863e-05
7.79286e-05
5.6075e-05
2.49391e-05
6.95865e-05
6.02319e-05
6.33314e-05
9.70118e-05
7.87726e-05
2.34208e-05
3.62457e-05
7.2735e-05
8.15762e-05
6.67216e-05
8.16672e-05
0.000125642
5.41951e-05
3.71004e-05
4.13044e-05
3.44607e-05
6.71621e-05
9.81401e-05
7.62572e-05
8.2722e-05
7.24255e-05
9.24255e-05
6.97536e-05
7.04708e-05
8.86985e-05
2.65768e-05
3.99715e-05
7.01427e-05
6.14299e-05
6.96192e-05
7.40477e-05
6.89998e-05
9.55188e-05
6.98836e-05
8.13724e-05
7.88314e-05
6.87761e-05
8.14389e-05
8.27929e-05
7.11657e-05
8.2091e-05
7.32194e-05
7.74706e-05
6.86809e-05
0.000102112
8.36684e-05
5.76039e-05
1.32013e-05
0.000104976
7.52933e-05
6.26172e-05
3.67686e-05
9.78397e-05
5.61974e-05
7.53188e-05
4.50754e-05
6.78722e-05
7.95989e-05
7.89856e-05
5.95774e-05
3.77227e-05
0.000113551
7.16821e-05
7.12958e-05
9.22636e-05
7.05298e-05
3.5173e-05
6.75176e-05
7.76996e-05
6.8796e-05
9.03476e-05
6.68286e-05
8.03503e-05
8.61674e-05
6.49342e-05
0.000110103
7.46229e-05
7.21549e-05
5.74335e-05
1.65685e-05
8.90268e-05
5.30749e-05
5.99646e-05
5.94024e-05
5.99211e-05
8.68877e-05
6.36924e-05
7.11209e-05
7.81825e-05
6.53692e-05
2.01897e-05
8.56297e-05
2.09789e-05
3.64873e-05
7.29327e-05
0.000105907
7.50555e-05
3.35701e-05
3.20398e-05
5.25607e-05
5.15918e-05
6.41242e-05
8.62486e-05
9.72622e-05
6.99884e-05
6.44395e-05
7.95184e-05
6.23783e-05
5.78206e-05
6.25599e-05
8.29e-05
6.34689e-05
9.0837e-05
8.76229e-05
6.21469e-05
6.67014e-05
7.96309e-05
4.12884e-05
8.05585e-05
6.69035e-05
3.50253e-05
6.05576e-07
1.25769e-06
7.3927e-05
3.5522e-05
4.406e-05
2.81224e-05
8.19722e-05
6.34744e-05
7.38523e-05
6.11042e-05
6.45269e-05
7.25216e-05
8.87852e-06
0.000102278
8.06417e-05
2.09465e-05
6.5773e-05
6.73219e-05
6.67304e-05
4.84159e-05
9.62799e-05
8.63445e-05
7.86831e-05
9.52916e-05
6.66861e-05
7.01283e-05
7.51948e-05
9.32873e-05
2.12795e-05
7.70163e-05
5.72793e-05
7.92831e-05
2.87946e-05
7.07366e-05
8.27962e-05
0.000100552
5.59836e-05
8.55876e-05
8.22577e-05
3.35808e-05
6.13475e-05
0.00104506
2.97379e-05
7.17467e-05
7.20239e-05
6.07217e-05
7.51973e-05
7.99104e-05
4.77347e-05
4.60793e-05
0.000103399
0.00012366
7.23064e-05
6.14879e-05
3.653e-05
3.39697e-05
4.3624e-05
2.25627e-05
2.85638e-05
4.57589e-05
9.56086e-05
7.35626e-05
6.89789e-05
7.54942e-05
9.26594e-05
8.39423e-05
6.9172e-05
7.58713e-05
9.49113e-05
0.000107928
7.20829e-05
6.11586e-05
6.78854e-05
7.89751e-05
0.0013439
5.98944e-05
5.59565e-05
4.47313e-05
7.61326e-05
6.82029e-05
6.31992e-05
3.78965e-05
6.73037e-05
6.54363e-05
6.49996e-05
9.06005e-05
8.16729e-05
6.77298e-05
6.97434e-05
5.85336e-05
6.82818e-05
7.29876e-05
7.6972e-05
8.99376e-05
7.37465e-05
8.86777e-05
6.59946e-05
0.000101416
7.34574e-05
7.48637e-05
4.83314e-05
6.03836e-05
3.46048e-05
7.48903e-05
0.00249396
6.20546e-05
5.75265e-05
7.23018e-05
7.4866e-05
7.82608e-05
7.37807e-05
7.9278e-06
4.93698e-05
9.13469e-05
8.31856e-05
8.22577e-05
6.91148e-05
6.99851e-05
5.97242e-05
7.39137e-05
9.75788e-05
6.98901e-05
7.71038e-05
0.000113539
5.28117e-05
8.83839e-06
5.5389e-05
7.14205e-05
1.70899e-07
6.09138e-05
7.18902e-05
8.06587e-05
9.83297e-05
5.20298e-05
7.09503e-05
5.03538e-05
5.85067e-05
3.90871e-05
9.65402e-05
9.49833e-05
8.16973e-05
9.37156e-05
9.35535e-05
9.00207e-05
6.25653e-05
8.29198e-05
7.94274e-05
9.63028e-05
8.93494e-06
3.273e-05
9.41682e-05
9.95315e-05
5.30127e-05
7.08328e-05
6.50342e-05
6.0096e-05
6.4377e-05
6.40758e-05
5.82783e-05
6.06599e-05
5.93163e-05
6.29655e-05
5.79954e-05
8.90864e-05
6.64761e-05
5.82603e-05
3.63813e-06
8.24028e-05
5.41624e-05
6.77864e-05
7.10732e-05
7.38678e-05
5.55794e-05
8.52422e-05
8.73938e-05
9.66037e-05
7.75492e-05
3.26871e-05
5.82733e-05
7.54498e-05
2.43327e-05
9.34623e-05
6.6182e-05
8.92572e-05
7.59711e-05
7.47589e-05
6.88857e-05
8.79155e-05
4.1999e-05
0.000130506
8.60623e-05
6.78892e-05
7.78242e-05
8.01855e-05
7.15082e-06
5.06177e-05
7.24363e-05
7.96477e-05
9.58968e-05
8.13001e-05
9.79915e-05
6.50005e-05
9.71617e-05
6.36424e-05
7.12248e-05
8.59964e-05
5.93696e-05
0.00010298
6.73189e-05
9.10796e-05
5.44745e-05
5.84024e-05
6.2962e-05
6.31253e-05
3.34993e-05
5.32965e-05
3.78643e-05
6.9814e-05
6.48713e-06
3.24551e-05
8.80011e-05
6.42397e-05
6.52998e-05
1.69004e-05
4.46719e-05
7.47785e-05
0.000104006
6.5553e-05
6.64764e-05
8.87385e-05
8.99116e-05
4.64729e-05
7.93912e-05
7.78133e-07
5.07691e-07
6.46417e-05
8.23767e-05
6.27746e-05
7.57898e-05
9.03636e-05
6.29045e-05
8.29702e-05
8.60255e-05
9.80524e-05
7.66289e-05
9.60818e-05
9.58953e-05
8.39684e-05
7.62396e-05
5.37133e-05
9.45843e-05
8.17749e-05
3.99178e-05
3.53156e-05
7.72099e-05
7.46333e-05
5.14396e-05
6.76152e-05
6.83016e-05
7.00737e-05
6.32577e-05
6.35695e-05
8.33597e-05
8.09165e-05
7.86277e-05
1.65345e-05
8.04069e-05
6.24161e-05
3.77904e-05
5.7603e-05
9.9446e-05
4.46346e-05
4.76038e-05
7.12277e-05
0.000106051
6.1982e-05
7.20053e-05
7.89366e-05
7.36461e-05
6.30631e-05
6.25302e-05
6.60905e-05
5.62023e-05
4.26456e-05
6.08882e-05
6.82748e-05
9.08345e-05
4.70111e-05
7.06297e-05
7.06316e-05
5.25875e-05
6.54036e-05
6.72487e-05
6.76412e-05
6.16682e-05
5.52674e-05
4.39324e-05
6.24891e-05
6.77504e-05
7.17959e-05
9.01981e-05
7.52753e-05
6.49785e-05
6.01759e-05
2.6471e-05
6.00933e-05
5.73889e-05
7.71607e-05
5.80349e-05
7.2891e-05
7.27459e-05
0.000123443
0.000136017
0.000191092
2.35987e-05
7.65652e-05
8.99126e-06
4.51418e-05
7.39706e-05
9.24764e-05
0.000772196
3.5852e-05
0.00337355
5.82576e-05
1.5818e-05
6.93101e-05
0.000182059
6.97285e-05
6.95634e-05
9.88789e-05
5.83898e-05
7.43446e-05
8.9112e-05
2.31303e-06
8.92886e-05
6.54814e-05
9.32903e-05
0.000102644
6.96181e-05
5.71384e-05
6.23197e-05
7.68794e-05
8.30554e-05
6.24708e-05
6.2945e-05
6.3792e-05
6.51265e-05
9.12307e-05
6.75637e-05
6.1298e-05
8.00916e-05
7.29779e-05
8.082e-05
6.47104e-05
4.10986e-06
4.18893e-06
6.97097e-05
6.81165e-05
9.05314e-05
6.83338e-05
7.9539e-05
5.03909e-05
7.2592e-05
6.42366e-05
4.69287e-05
6.39326e-05
7.08311e-05
6.86669e-05
6.01869e-05
3.24928e-05
6.75027e-05
6.51374e-05
6.6231e-05
6.13418e-05
7.16784e-05
9.22864e-05
6.21361e-05
2.06835e-05
2.57251e-05
6.43245e-05
7.06225e-05
5.94691e-05
9.55794e-05
9.9294e-05
5.84663e-05
8.02731e-05
6.709e-05
5.93322e-05
7.20688e-05
5.1548e-05
3.27388e-05
7.45605e-05
6.14745e-05
6.46443e-05
6.5824e-05
5.82604e-05
6.50967e-05
1.46542e-05
3.49679e-05
1.57141e-05
4.35056e-06
6.98785e-05
4.65376e-05
8.38524e-05
7.13016e-05
6.06068e-05
6.52946e-05
7.75953e-06
5.2228e-05
6.78805e-05
8.44156e-05
8.05551e-05
7.17743e-05
6.0992e-05
8.35043e-05
7.73778e-05
6.87716e-05
8.33841e-05
7.94336e-05
6.5674e-05
7.92219e-05
3.72701e-05
5.84824e-05
7.52013e-05
9.64614e-05
0.000111369
7.22051e-05
6.95117e-05
7.33477e-05
7.59375e-05
6.30394e-05
7.81046e-05
6.3167e-05
0.000109292
8.011e-05
6.82459e-05
9.58749e-05
3.71299e-05
7.98684e-05
8.72275e-05
7.7e-05
2.29861e-05
6.40362e-05
6.12579e-05
7.52786e-05
7.35672e-05
6.61021e-05
2.65828e-05
6.74444e-05
9.98749e-05
7.60114e-05
0.000107495
5.75431e-05
7.00128e-05
6.84158e-05
8.28265e-05
8.47957e-05
5.96934e-05
7.2031e-05
0.000115603
5.81645e-05
7.8368e-05
0.000121711
6.23067e-05
6.62744e-05
6.44533e-05
8.40967e-05
6.15832e-05
8.75696e-05
9.91578e-05
6.22943e-05
7.82267e-05
5.9025e-05
7.62643e-05
6.20824e-05
6.06627e-05
7.04819e-05
8.37552e-05
6.4564e-05
7.73604e-05
9.29021e-05
6.1159e-05
8.16113e-05
5.63282e-05
8.42074e-05
4.52766e-05
6.38581e-05
7.86363e-05
5.56433e-05
7.34855e-05
5.76946e-05
3.67926e-05
8.47238e-05
7.94305e-05
7.59062e-05
6.86485e-05
6.641e-05
6.07425e-05
6.89427e-05
9.09056e-05
8.52318e-05
3.39131e-06
3.87134e-05
6.86197e-05
7.42407e-05
0.000155938
7.04242e-05
7.51241e-05
7.43512e-05
5.5993e-06
6.26852e-05
7.42404e-05
6.92912e-05
7.19578e-05
5.45564e-05
0.000108207
6.09363e-05
5.43271e-05
8.69172e-05
5.69526e-05
1.18377e-05
3.34928e-05
6.05005e-06
0.00011111
6.07732e-05
4.89435e-05
6.60054e-05
7.59368e-05
7.17197e-05
5.98093e-05
6.81388e-05
8.46967e-05
5.1088e-05
9.88106e-05
7.55254e-05
8.73678e-05
7.65279e-05
4.80582e-05
5.95246e-05
5.74563e-05
5.68216e-05
8.42653e-05
4.91339e-05
5.93906e-05
6.23804e-05
5.59737e-05
1.75356e-05
3.25519e-05
6.98462e-05
7.0082e-05
3.56331e-05
3.19571e-05
6.50611e-05
9.24236e-05
7.56894e-05
8.01809e-05
8.34163e-05
8.27328e-05
6.09453e-05
7.28324e-05
7.12562e-05
8.54125e-05
9.30329e-05
5.93748e-05
6.57582e-05
3.52012e-05
8.74016e-05
0.000113368
8.34472e-05
6.7654e-05
7.38071e-05
6.68696e-05
5.42857e-05
1.15004e-05
6.45403e-05
6.61693e-05
5.84347e-05
6.39347e-05
7.27034e-05
7.61659e-05
6.10217e-05
6.90302e-05
8.45466e-05
6.49268e-05
5.59519e-05
7.21084e-05
9.90522e-05
8.73967e-05
8.21803e-05
7.82766e-05
6.37554e-05
5.41307e-05
7.57842e-05
6.52389e-05
7.43972e-05
6.76112e-05
1.39136e-05
2.66192e-05
6.77899e-05
1.07137e-05
3.98468e-05
6.61374e-05
8.79486e-05
9.28894e-05
0.000109247
9.27439e-05
7.15965e-05
7.8071e-05
7.00237e-05
5.66897e-05
2.5254e-05
5.58167e-05
8.05103e-05
8.65198e-05
5.07688e-05
7.49015e-05
7.65836e-05
0.000112095
6.52405e-05
8.39046e-05
8.21122e-05
6.24234e-05
6.55739e-05
7.1144e-05
8.29962e-05
6.2475e-05
4.73574e-05
6.91323e-05
8.71886e-05
8.27395e-05
8.30892e-05
6.08701e-05
6.72613e-05
7.99457e-05
0.000110389
7.96302e-05
9.58781e-05
0.000101628
4.86892e-05
6.95758e-05
6.6247e-05
5.48892e-05
5.18996e-05
7.12516e-05
7.32969e-05
9.49588e-05
2.8664e-06
5.37844e-05
7.11766e-05
7.01348e-05
9.90057e-05
7.9001e-05
9.38109e-05
5.97124e-07
5.43692e-05
7.2917e-05
8.4424e-05
7.00728e-05
6.06041e-05
7.46053e-05
6.87631e-05
0.000104308
7.81887e-05
0.000106844
8.99367e-06
5.26726e-05
8.7681e-05
6.24108e-05
7.54859e-05
7.34939e-05
6.85057e-05
6.59076e-05
8.55469e-05
8.93937e-05
0.000104834
9.34383e-05
4.67412e-05
7.86533e-05
7.07682e-05
7.6502e-05
9.34859e-05
7.72961e-05
6.44874e-05
1.41543e-06
2.46734e-05
2.69431e-06
8.94277e-06
9.51235e-05
6.20058e-05
7.00158e-05
2.15937e-05
0.000102513
7.75847e-05
7.65121e-05
5.34405e-05
1.1812e-05
0.000108925
9.7371e-05
7.9462e-05
8.68512e-05
4.91071e-05
7.55377e-05
7.68599e-05
7.34313e-05
5.01194e-05
0.000102395
4.12725e-05
7.3078e-05
8.30844e-05
7.96645e-05
2.77321e-06
6.57888e-05
9.11638e-05
3.53529e-05
7.49846e-05
6.63326e-05
8.82961e-05
6.23917e-05
7.01174e-05
8.22096e-05
8.53209e-05
8.40764e-05
6.22779e-05
7.35745e-05
8.41331e-05
6.97349e-05
5.39917e-05
3.95376e-05
7.31653e-05
8.03241e-05
7.38093e-05
6.55443e-05
7.91701e-05
8.80864e-07
6.2933e-07
8.97692e-07
5.08441e-06
1.27047e-05
0.00020164
0.00171672
1.00667e-05
1.2182e-05
5.55525e-05
9.89964e-05
6.52164e-05
9.65699e-05
6.41817e-05
3.61301e-05
8.19925e-05
6.17816e-05
5.91964e-05
7.22302e-05
7.36123e-05
5.82523e-05
8.80716e-05
7.12488e-05
0.000100375
7.04171e-05
5.96164e-05
7.12632e-05
8.11597e-05
8.38382e-05
2.19573e-05
5.16835e-05
7.02439e-05
9.48245e-05
9.5452e-05
7.48129e-05
6.73566e-05
5.91082e-05
6.4253e-05
7.81242e-05
0.000122732
6.96882e-05
6.28266e-05
6.14715e-05
7.72429e-05
9.9905e-05
5.68704e-05
7.58473e-05
7.93485e-05
6.94404e-05
6.28901e-05
7.90381e-05
9.73947e-05
9.98748e-05
7.96465e-05
7.558e-05
7.77129e-05
7.87246e-05
7.11685e-05
7.70188e-05
7.21306e-05
0.000103474
7.00876e-05
8.06532e-05
0.000114108
8.53578e-05
0.00011124
6.50017e-05
6.63497e-05
6.48505e-05
7.2107e-05
3.02099e-05
5.64717e-05
8.10782e-05
7.73848e-05
7.21416e-05
6.83001e-05
6.93926e-05
6.84214e-05
7.73444e-05
7.38836e-05
7.91604e-05
6.32885e-05
7.12781e-05
7.67429e-05
6.62428e-05
7.68893e-05
8.29123e-05
7.46879e-05
9.3677e-05
5.91149e-05
7.11787e-05
6.38442e-05
6.96058e-05
4.64562e-05
9.22811e-05
7.68766e-05
6.72496e-05
7.76181e-05
8.37287e-05
8.81554e-05
7.31596e-05
0.00010528
9.07794e-05
5.67715e-05
6.56546e-05
8.214e-05
6.6407e-05
7.99968e-05
7.19502e-05
6.93458e-05
7.29069e-05
8.14857e-05
6.04019e-05
6.10462e-05
8.31135e-05
1.77486e-08
5.30479e-06
7.20806e-05
5.79833e-05
5.86338e-05
9.12167e-05
9.78543e-05
6.10475e-05
6.8698e-05
5.29283e-05
5.80006e-05
6.39392e-05
6.9642e-05
5.43039e-05
6.29302e-05
6.10666e-05
6.86689e-05
6.44401e-05
5.86439e-05
6.45269e-05
7.31123e-05
0.000101623
7.54352e-05
6.48846e-05
6.17462e-05
8.87699e-05
7.16302e-05
7.195e-05
8.02064e-05
7.93341e-05
8.74751e-05
6.99882e-05
9.79606e-05
7.77912e-05
3.7204e-05
7.54525e-05
7.70572e-05
6.75782e-05
7.34236e-05
7.924e-05
7.87953e-05
7.6948e-05
6.30305e-05
9.56184e-05
7.5196e-05
8.16614e-05
3.968e-05
4.1463e-05
5.66543e-05
5.61206e-05
7.67473e-05
6.95332e-05
7.04857e-05
7.08924e-05
5.34752e-05
6.54735e-05
6.762e-05
6.67612e-05
5.82815e-05
5.88371e-05
7.28435e-05
8.0207e-05
6.15926e-05
6.15865e-05
0.000114196
5.86957e-05
7.83079e-05
6.83372e-05
7.18089e-05
3.30181e-05
8.38642e-05
9.7278e-05
7.4807e-05
8.28944e-05
8.42969e-05
9.41632e-05
8.96203e-06
3.71402e-05
9.83146e-05
7.38445e-05
1.81557e-05
2.50636e-05
7.85145e-05
3.45561e-05
0.000100588
5.67064e-05
1.26514e-05
1.13465e-06
8.87035e-05
6.81461e-05
6.61647e-05
6.25496e-05
8.58654e-05
6.98803e-05
3.8319e-05
7.38186e-05
5.93036e-05
7.35195e-05
5.96577e-05
3.45719e-05
3.98758e-06
7.11531e-05
6.91342e-05
7.54897e-05
7.88071e-05
8.96229e-05
5.41976e-05
4.07567e-05
8.83606e-05
7.79522e-05
2.50883e-05
8.05983e-05
7.00704e-05
7.44423e-05
3.88552e-05
1.9734e-05
6.05605e-05
2.53862e-05
2.38498e-05
2.05162e-05
8.47635e-05
0.000102212
5.29615e-05
6.22797e-05
7.3212e-05
6.74552e-05
6.52132e-05
6.2904e-05
5.24771e-05
2.87679e-05
3.80644e-05
8.01849e-05
6.76562e-05
8.6311e-05
3.41682e-05
5.54404e-05
7.50914e-05
6.90806e-05
7.8325e-05
5.05536e-05
4.03009e-05
7.52585e-05
6.41609e-05
6.32965e-05
5.93714e-05
6.69235e-05
5.62337e-05
8.02044e-05
4.11257e-05
3.67547e-05
7.87898e-05
5.06331e-05
8.53397e-05
6.20207e-05
5.4417e-05
6.43053e-05
6.35881e-05
8.12649e-05
7.13922e-05
0.000103188
7.43761e-05
5.56042e-05
6.28227e-05
6.61554e-05
6.97712e-05
3.03283e-05
3.73061e-05
7.20904e-05
9.41839e-05
7.63154e-05
7.17912e-05
7.82196e-05
8.14558e-05
6.67428e-05
6.88708e-05
7.36592e-05
5.2919e-05
6.65831e-05
6.33948e-05
6.41344e-05
7.75859e-05
0.000121451
6.50875e-05
7.28406e-05
7.23057e-05
5.71098e-05
5.53392e-05
2.2042e-05
9.28906e-05
0.000101707
7.25874e-05
5.86428e-05
3.97811e-05
5.08021e-05
3.55497e-05
7.80554e-05
5.86056e-05
7.79043e-05
4.1218e-06
8.05047e-05
6.67045e-05
0.000107862
9.80516e-05
6.49678e-05
8.17867e-05
5.71044e-05
6.02767e-05
8.74848e-05
6.8579e-05
8.05178e-05
9.26008e-05
8.99161e-05
8.53558e-05
2.12108e-06
5.99391e-05
7.99257e-05
6.56728e-05
4.45175e-05
4.34414e-06
6.71372e-05
0.000105343
7.45787e-05
8.84714e-05
6.86049e-05
0.000103086
9.80585e-05
9.65781e-05
7.4101e-05
4.01002e-05
5.3128e-05
8.15026e-05
4.73553e-05
5.34184e-06
9.08886e-05
6.30659e-05
7.96937e-05
8.62975e-05
7.2115e-05
8.72032e-05
7.3321e-05
6.84138e-05
6.72955e-05
6.11776e-05
6.85635e-05
5.69388e-05
1.2124e-06
7.23194e-05
7.2028e-05
7.01057e-05
8.14978e-05
0.000104668
8.93868e-05
9.95467e-05
6.58041e-05
5.79691e-05
5.38392e-05
7.15786e-05
8.75896e-05
6.83423e-05
8.2898e-05
0.000102238
1.93393e-05
4.50059e-05
9.49663e-05
8.006e-05
6.07909e-05
9.67767e-05
2.16522e-05
8.68178e-05
6.6949e-05
6.49719e-05
0.000111007
7.97046e-05
2.32269e-05
3.23159e-06
0.000116468
4.38972e-05
7.59196e-05
8.76021e-05
6.55091e-05
7.05283e-05
1.52839e-05
8.84071e-05
5.97028e-05
7.77338e-05
0.000103556
7.48137e-05
7.06084e-05
8.673e-05
9.52608e-05
4.52911e-05
5.36172e-05
3.4284e-05
6.75349e-05
7.00557e-05
9.01784e-05
1.32897e-05
4.57691e-05
6.00949e-05
7.00459e-05
8.57983e-05
7.78402e-05
5.91357e-05
8.83574e-05
0.000111131
0.000100418
7.27162e-05
6.41411e-05
8.07388e-05
9.67164e-05
5.29805e-05
7.07063e-05
0.000120541
6.13682e-05
6.8157e-05
7.25543e-05
9.65181e-05
7.53706e-05
6.93668e-05
6.75487e-05
8.92716e-05
7.89969e-05
7.07622e-05
7.76615e-05
0.000106984
8.32457e-05
6.81738e-05
7.65551e-05
5.49139e-05
5.8149e-05
6.77802e-05
1.60773e-06
5.98869e-05
9.12894e-05
5.93197e-05
5.7021e-05
8.07792e-05
8.86565e-05
2.63491e-05
3.34243e-05
0.000105128
5.34518e-05
6.92616e-05
6.43099e-05
6.62717e-05
7.23202e-05
8.87647e-05
6.32025e-05
7.31637e-05
2.43624e-05
6.36012e-06
7.19119e-05
1.47166e-05
8.03502e-05
6.31213e-05
0.000100859
7.17165e-05
8.1743e-05
7.19872e-05
7.50728e-05
8.68977e-05
5.56437e-05
6.76991e-05
8.12211e-05
7.59569e-05
8.29882e-05
6.38928e-05
9.57969e-05
6.62751e-05
5.94292e-05
6.54007e-05
5.15063e-05
3.26851e-06
4.88989e-05
7.26663e-05
7.07813e-05
8.76526e-05
6.44962e-05
8.34832e-05
6.43147e-05
7.47589e-05
7.01842e-05
8.03571e-05
9.30756e-06
3.46797e-05
6.73175e-05
7.45794e-05
4.75918e-05
7.74604e-05
9.43574e-05
3.10486e-05
2.46098e-05
3.04322e-05
1.94293e-05
2.69908e-05
2.51948e-05
3.93156e-05
0.000103759
5.84888e-05
0.000105215
0.000109604
9.35861e-05
9.25892e-05
0.00012102
6.97592e-05
3.42507e-05
0.000118153
5.86328e-05
0.000107181
6.10117e-05
0.000103247
7.65013e-05
6.79913e-05
6.73249e-05
6.46121e-05
7.57095e-05
7.37043e-05
8.515e-05
6.89525e-05
8.96589e-05
7.78752e-05
6.7332e-05
7.15195e-05
7.84556e-05
6.92086e-05
7.34597e-05
5.62574e-05
7.77201e-05
9.55279e-05
6.58572e-05
7.40898e-05
2.08094e-05
3.65928e-05
9.57068e-05
0.000129707
5.97462e-05
8.32182e-05
5.68342e-05
6.70319e-05
5.80151e-05
3.74378e-05
5.9834e-05
4.92289e-05
9.48502e-05
7.75776e-05
8.26306e-05
8.39889e-05
6.92204e-05
8.7271e-07
9.27185e-05
9.13316e-05
9.85965e-05
4.98405e-05
5.81924e-05
7.69331e-05
9.69834e-05
5.90236e-05
6.37228e-05
9.79939e-05
6.55046e-05
9.02283e-05
8.2272e-05
5.64709e-05
6.34784e-05
2.34064e-05
9.54976e-05
4.43356e-05
7.31834e-05
0.00013422
9.74145e-05
5.54488e-05
7.57333e-05
7.38277e-05
0.000114412
8.22743e-05
7.10108e-05
6.56154e-05
2.49249e-06
2.42413e-05
8.98578e-05
7.2656e-05
4.68616e-05
8.61148e-05
5.44887e-05
7.91295e-05
7.3078e-05
6.06363e-05
9.44013e-05
3.28588e-05
7.32064e-05
7.00034e-05
7.41657e-05
7.91481e-05
2.26491e-06
6.20073e-05
7.51813e-05
6.47192e-05
8.29837e-05
5.07396e-06
4.65712e-05
6.779e-05
6.64625e-05
6.07973e-05
6.26528e-05
7.00918e-05
6.54442e-05
8.74264e-05
7.27143e-05
7.96281e-05
8.84528e-05
9.11326e-05
6.63033e-05
7.5391e-05
1.23152e-06
1.14565e-07
3.38411e-05
5.2126e-05
5.29724e-05
6.44443e-05
7.64445e-05
7.76959e-05
7.17679e-05
1.63578e-05
3.66623e-05
7.28483e-05
6.55897e-05
8.66448e-05
7.69887e-05
0.000123193
8.74042e-05
7.54816e-05
6.46608e-05
7.8535e-05
6.90552e-05
7.94426e-05
5.47555e-05
6.78021e-05
6.28445e-05
7.14147e-05
8.36249e-05
7.00539e-05
5.96997e-05
0.000101792
0.000105722
5.2709e-05
6.29592e-05
7.12914e-05
7.92057e-05
7.48894e-05
6.73727e-05
6.53325e-05
4.31746e-05
4.13252e-05
2.93735e-05
7.6219e-05
2.42921e-05
0.000104243
7.12133e-05
5.88026e-05
3.50939e-05
8.76691e-05
6.5705e-05
4.00248e-05
6.98574e-05
6.51707e-05
4.14932e-05
7.97545e-05
4.44699e-05
7.23822e-05
8.16542e-05
8.93549e-05
8.4825e-05
5.71485e-05
0.000113108
6.27749e-05
7.73569e-05
5.40152e-05
7.13725e-05
5.77175e-05
6.29757e-05
6.10457e-05
6.42933e-05
8.20542e-05
6.81113e-05
7.7585e-05
5.45698e-05
8.65375e-05
9.26733e-05
7.12739e-05
6.55632e-05
3.56261e-06
5.77387e-05
7.29379e-06
6.06422e-05
9.59565e-05
6.19018e-05
7.50783e-05
7.36315e-05
9.18122e-05
7.14178e-05
6.0159e-05
9.54384e-05
2.17182e-05
3.65328e-05
6.73126e-05
6.86325e-05
7.6328e-05
7.74137e-05
6.63722e-05
9.3422e-05
7.11261e-05
9.04401e-05
6.91428e-05
6.83766e-05
6.78406e-05
7.04177e-05
1.31511e-06
2.43566e-05
6.36212e-05
7.36117e-05
6.14561e-05
7.94428e-05
5.10629e-05
5.14676e-05
1.06287e-05
9.17229e-05
0.000113822
6.51426e-05
7.72343e-05
5.37343e-05
6.52349e-05
6.22764e-05
6.72709e-05
7.39704e-05
7.49478e-05
3.90462e-05
6.57341e-05
7.68139e-05
1.54492e-05
3.39662e-05
4.94591e-05
9.30587e-05
6.4854e-05
7.04509e-05
5.75302e-05
7.29048e-05
6.37752e-05
9.3467e-05
5.71795e-05
7.35819e-05
6.14012e-05
1.73648e-06
5.87096e-05
6.57179e-05
8.47751e-05
8.16551e-05
6.53633e-05
6.18509e-05
6.4294e-05
7.43019e-05
7.36247e-05
6.96404e-05
8.35035e-05
6.63254e-05
9.38177e-05
7.48104e-05
5.63413e-05
1.91637e-06
8.19094e-05
0.000101102
4.14827e-05
3.63477e-05
7.29932e-05
6.24917e-05
6.6862e-05
8.87117e-06
4.9657e-05
7.77707e-05
7.73482e-05
1.47733e-05
7.3461e-05
9.95369e-05
7.20524e-05
7.58098e-05
7.08736e-05
6.24357e-05
6.71368e-05
6.35595e-05
7.4835e-05
6.55373e-05
6.23443e-05
0.00010372
8.76915e-05
7.62485e-05
7.28586e-05
5.99845e-05
7.13394e-05
6.07971e-05
7.0806e-05
8.68362e-05
5.8403e-05
7.74054e-05
6.35531e-05
6.88263e-05
7.72116e-05
2.84108e-06
1.051e-05
6.86338e-05
4.83339e-05
5.81516e-05
8.53657e-05
7.08172e-05
7.40091e-05
0.000119812
4.92658e-05
3.49203e-06
3.42041e-06
6.15815e-05
6.48367e-05
7.56379e-05
5.94138e-05
1.92417e-05
5.0206e-05
6.83315e-05
7.37912e-05
6.66333e-05
6.96735e-05
5.52685e-05
5.88693e-05
8.59878e-05
9.11282e-05
5.2222e-05
6.94297e-05
5.30376e-05
5.98155e-05
6.99874e-05
2.62868e-05
3.98658e-05
5.76389e-05
9.09196e-05
7.88392e-05
7.3487e-05
7.73716e-05
6.14008e-05
5.44537e-05
3.61373e-05
5.07542e-05
1.05625e-05
6.69144e-05
7.95685e-05
5.95264e-05
2.98543e-05
4.92558e-05
7.88568e-05
6.45906e-05
9.032e-05
9.53928e-05
2.72487e-05
5.12234e-05
0.000573068
7.45662e-05
6.95027e-05
5.63455e-05
2.45545e-05
3.3005e-05
5.62372e-05
5.92851e-05
8.25888e-05
6.7005e-05
8.33857e-05
6.64535e-05
8.29547e-05
6.02648e-05
5.77644e-05
2.86193e-05
0.000107749
6.33781e-05
7.15494e-05
8.1902e-05
7.32564e-05
9.59612e-05
6.38908e-05
3.29831e-05
4.27726e-05
7.10803e-05
5.79125e-05
7.09287e-05
0.000526763
1.57595e-05
6.09618e-05
9.44406e-05
9.34563e-05
7.81903e-05
2.63146e-05
3.99349e-05
6.88209e-05
9.34301e-05
8.50441e-05
7.1226e-05
5.62787e-05
7.3814e-05
5.41376e-05
6.56155e-05
9.51595e-05
7.60486e-05
0.000124581
4.14506e-05
5.94954e-05
6.68484e-05
9.99501e-05
7.96836e-05
7.18432e-05
5.82165e-05
6.08336e-05
0.000458585
0.000360133
6.7513e-05
8.07975e-05
5.33434e-05
8.27335e-05
7.76884e-05
6.87187e-05
3.2937e-05
7.71031e-05
2.34809e-05
7.70977e-05
2.98897e-05
3.32965e-06
7.8495e-05
6.5095e-08
6.0259e-05
7.95049e-05
6.4895e-05
9.00541e-05
7.41952e-05
7.8165e-05
7.02667e-05
7.69825e-05
6.5499e-05
9.97761e-05
0.000116618
7.32243e-05
2.32615e-05
3.34498e-05
5.56806e-05
5.52212e-05
7.33362e-05
5.79715e-05
7.98963e-06
3.32985e-05
6.29383e-05
7.24546e-05
6.52398e-05
7.60021e-05
2.03965e-05
3.41292e-05
5.37961e-05
6.86205e-05
6.37638e-05
8.73982e-05
6.99882e-05
7.14701e-05
7.64584e-05
8.17277e-05
8.05124e-05
8.31697e-05
5.3952e-05
7.33908e-05
7.16623e-05
6.38689e-05
8.25849e-05
7.0747e-05
8.93112e-05
7.45018e-05
8.75931e-05
0.00010277
7.86663e-05
7.51763e-05
6.70275e-05
5.88352e-05
7.42989e-05
9.61494e-05
7.88577e-05
7.34512e-05
0.000101957
8.43531e-05
6.1719e-05
4.01155e-05
6.29122e-05
7.53055e-05
7.1602e-05
9.4885e-05
6.35184e-05
9.09704e-05
6.422e-05
9.97875e-05
7.60156e-05
3.55462e-05
7.46068e-05
6.94591e-05
6.24586e-05
7.65122e-05
7.72483e-05
7.53001e-05
9.13294e-05
6.7554e-05
6.80395e-05
5.95035e-05
7.01863e-05
0.000116611
6.86196e-05
0.000105964
2.25621e-05
6.45612e-05
7.86793e-05
7.43618e-05
9.97593e-05
7.04491e-05
5.61908e-05
6.86075e-05
8.20474e-05
6.91304e-05
2.51688e-05
3.26597e-05
2.08576e-05
5.71272e-05
8.14231e-05
6.1418e-05
7.5744e-05
7.61343e-05
8.02697e-05
0.000103761
7.07429e-05
9.96394e-06
4.37778e-05
5.53006e-05
8.01691e-05
8.84483e-05
2.85798e-05
6.43059e-05
0.000100095
6.54059e-05
8.6676e-05
9.66298e-05
8.99546e-05
9.11188e-05
1.86615e-05
3.78392e-05
9.8445e-05
6.62982e-05
9.8508e-05
1.94348e-05
4.77561e-05
5.13543e-05
9.05647e-05
5.65577e-05
7.93192e-05
7.21881e-05
8.65239e-05
7.12535e-05
7.89447e-05
5.46781e-05
2.18157e-05
2.4566e-05
6.72628e-05
7.68298e-05
7.83427e-05
6.1311e-05
8.52378e-05
5.59532e-05
6.95993e-05
8.35093e-05
6.34178e-05
1.70619e-05
8.9533e-08
1.58888e-06
4.50597e-08
1.37572e-05
3.6884e-05
6.09399e-05
8.37933e-05
5.17115e-05
6.46531e-05
5.43387e-05
5.92128e-05
8.27601e-05
5.91813e-05
6.14921e-05
6.50192e-05
8.29078e-05
5.67151e-05
9.71715e-05
6.29585e-05
5.67501e-05
7.22162e-05
7.37191e-05
3.52397e-05
0.000105776
6.41647e-05
5.93733e-05
7.85839e-05
7.06576e-05
5.77968e-05
7.71381e-05
5.8763e-05
5.50127e-05
9.10565e-05
6.00401e-05
6.31325e-05
2.59018e-05
7.39395e-05
7.234e-05
6.16095e-05
1.13559e-05
1.58516e-05
7.24167e-05
8.47862e-05
5.98143e-05
6.85945e-05
0.000111389
0.000104165
5.99078e-05
8.62827e-05
6.97823e-05
7.90697e-05
6.77852e-05
0.000113292
2.94823e-05
3.58358e-05
8.66957e-05
6.56509e-05
5.80648e-05
6.36781e-05
8.58406e-05
7.74184e-05
8.94252e-05
6.71605e-05
7.40768e-05
7.12133e-05
5.83076e-05
3.70945e-08
3.69143e-07
5.37815e-05
6.34918e-05
7.52392e-05
5.97251e-05
7.26667e-05
3.65755e-05
3.34816e-05
6.47459e-05
3.82464e-05
5.75789e-05
8.13275e-05
8.11711e-05
6.13517e-05
6.91709e-05
6.14019e-05
7.09604e-05
9.93143e-05
9.83697e-05
7.00811e-05
7.26388e-05
7.38482e-05
9.26413e-05
6.41063e-05
6.47506e-05
6.86701e-05
7.69231e-05
5.91075e-05
4.34474e-05
4.80078e-05
3.44441e-05
3.15501e-05
4.13321e-05
3.50157e-05
0.000103472
4.37412e-05
3.38288e-05
7.60099e-05
7.0939e-05
7.07035e-05
7.35083e-05
5.05975e-06
2.47456e-05
4.4016e-05
3.81934e-05
8.55363e-05
7.09658e-05
5.7845e-05
7.59734e-05
4.8964e-05
6.25831e-05
6.55582e-05
6.44968e-05
7.19069e-05
7.4863e-05
7.06143e-05
5.53851e-05
7.54181e-05
9.18802e-05
6.96182e-05
6.43092e-05
7.22446e-05
7.26084e-05
6.63026e-05
7.64832e-05
6.09559e-05
9.51396e-05
6.53991e-05
6.43049e-05
7.02002e-05
6.24463e-05
5.28418e-05
4.34842e-05
6.58919e-05
7.09454e-05
6.90984e-05
4.15934e-07
5.06333e-06
6.60048e-05
2.11857e-05
3.26365e-05
7.80184e-05
6.58191e-05
1.33255e-05
5.61136e-05
8.4945e-05
0.000117717
5.51607e-05
7.98882e-05
9.92164e-05
6.92336e-05
8.29368e-05
9.57526e-05
6.73999e-05
7.65612e-05
6.37446e-05
0.000116996
6.92775e-05
6.46085e-06
3.81352e-05
6.94269e-05
4.7933e-05
5.61887e-05
7.32178e-05
7.21361e-05
4.8983e-05
6.80337e-05
8.09346e-05
5.69687e-05
7.40735e-05
6.8449e-05
7.20038e-05
6.68991e-05
5.66332e-05
2.34235e-05
1.1456e-05
8.10139e-05
9.73927e-05
7.04158e-05
6.58432e-05
5.45374e-05
6.24716e-05
2.23939e-05
5.12218e-05
6.44101e-05
1.23026e-05
8.7882e-05
5.94302e-05
6.52924e-05
7.73358e-05
9.19313e-05
5.894e-05
9.20171e-05
6.21764e-05
0.000129334
7.77056e-05
9.06024e-05
6.3703e-05
5.70291e-05
9.15632e-05
5.49247e-05
6.7078e-05
1.2243e-05
1.53779e-05
6.92043e-05
4.13133e-05
9.1713e-05
7.26982e-05
9.20442e-05
8.77823e-05
8.41095e-05
7.0986e-05
6.91005e-05
6.57824e-05
7.66678e-05
7.08617e-05
1.46084e-05
3.66356e-05
6.76818e-05
5.87809e-05
7.32632e-05
8.80589e-05
6.67685e-05
5.76026e-05
9.76406e-05
7.69192e-05
9.67972e-05
6.63592e-05
9.29075e-05
0.000100078
7.11747e-05
6.72738e-05
8.28353e-05
6.91995e-05
6.97766e-05
6.95595e-05
6.76622e-05
5.86221e-06
1.17271e-05
7.38428e-05
8.08597e-05
9.06079e-05
6.78872e-05
7.41688e-05
0.000102221
8.01206e-05
8.18724e-05
5.54148e-05
7.69836e-05
8.26422e-05
8.45294e-05
7.76049e-05
6.60018e-05
7.89817e-05
8.81619e-05
0.00010213
4.43693e-05
8.99397e-05
7.42708e-05
4.31129e-07
6.23477e-05
3.9781e-06
3.20709e-06
7.80882e-05
6.7059e-05
6.96657e-05
0.000130523
6.53369e-05
7.65147e-05
2.26916e-05
8.14224e-05
8.67957e-05
6.33088e-05
8.09728e-05
9.41566e-05
4.10092e-05
7.24596e-05
7.13946e-05
0.000133461
6.18388e-05
7.76459e-05
6.62152e-05
7.29241e-05
6.52317e-05
6.58051e-05
9.33953e-05
8.67347e-05
6.53149e-05
6.08208e-05
7.65567e-05
7.52253e-05
6.86002e-05
8.79777e-05
6.61084e-05
5.22466e-05
2.17013e-07
7.77006e-05
7.85384e-05
9.18565e-05
7.20647e-05
9.67918e-05
0.000105337
6.35935e-05
6.46615e-05
8.11457e-05
9.49763e-05
6.12171e-05
7.23535e-05
1.98669e-05
6.44639e-05
8.153e-05
6.42073e-05
6.56288e-05
9.74752e-05
6.11928e-05
7.72404e-05
7.76084e-05
5.46316e-05
7.75021e-05
7.50361e-05
5.70309e-05
7.80698e-05
2.67415e-05
7.11635e-05
7.92058e-05
9.32631e-05
7.02211e-05
2.81682e-05
5.44424e-05
9.15964e-05
7.35493e-05
6.53746e-05
0.000119385
7.56725e-05
6.53355e-05
2.59663e-05
1.588e-05
5.29784e-05
7.49575e-05
7.01744e-05
6.26201e-05
6.31196e-05
9.77708e-05
7.35165e-05
9.76724e-05
0.000117135
0.000108012
4.74198e-05
6.76896e-05
6.22731e-05
8.32339e-05
7.49755e-05
6.71945e-05
3.44596e-05
3.27999e-05
1.71031e-05
3.60508e-05
7.84517e-05
6.8108e-05
5.88371e-05
5.95971e-05
7.98693e-05
8.85739e-05
9.97209e-05
7.28538e-05
7.32265e-05
6.72485e-05
8.56731e-05
7.28672e-05
6.85255e-05
7.51906e-05
7.3532e-05
7.67861e-05
6.1083e-05
9.92357e-05
5.63545e-05
7.55426e-05
5.74914e-05
7.23215e-05
9.10709e-05
6.0443e-05
6.478e-05
7.21133e-05
0.000109448
6.86344e-05
8.55078e-05
8.93543e-05
6.49148e-05
6.69286e-05
0.000109328
3.80154e-05
7.19773e-05
0.000102676
7.11439e-05
7.39552e-05
1.19356e-06
6.09803e-06
4.18468e-05
8.10158e-05
7.43141e-05
8.26111e-05
6.05642e-05
7.25779e-05
7.41087e-05
6.77434e-05
5.67636e-05
1.17971e-05
5.0001e-05
6.54163e-05
6.4048e-05
8.64132e-05
7.84255e-05
7.67962e-05
2.52133e-05
0.000105929
6.63434e-05
6.58589e-05
6.87839e-05
7.142e-05
6.90666e-05
6.41172e-05
7.10523e-05
8.18739e-05
6.7277e-05
2.8209e-05
0.000389829
0.000135116
0.000117071
0.000483919
0.000790561
0.000233443
5.75293e-05
6.5411e-05
6.91966e-05
6.19019e-05
0.000122283
7.31644e-05
7.17719e-05
3.99366e-05
4.00923e-05
6.38622e-05
0.000776712
3.08564e-05
1.68151e-05
8.14295e-05
6.04883e-05
7.78142e-05
6.22259e-05
6.25702e-05
5.9105e-05
3.70322e-05
0.000140726
1.28662e-05
6.83815e-05
6.63958e-05
7.38755e-05
2.88907e-05
0.000186917
3.2341e-05
5.57597e-05
6.46584e-05
8.61766e-05
7.44767e-05
6.24887e-05
4.23466e-05
3.05634e-07
8.30543e-05
3.98974e-05
8.30683e-05
7.09957e-05
3.33656e-05
5.701e-05
6.56937e-05
7.1044e-05
9.54412e-05
0.000247247
9.11355e-05
7.74944e-05
9.54714e-05
6.43406e-05
5.77329e-05
4.29017e-05
6.50298e-05
8.76895e-05
2.68275e-05
3.36468e-05
1.11821e-05
1.38656e-06
6.30506e-05
6.31375e-05
9.18392e-05
1.20899e-05
2.09909e-05
2.48858e-05
1.31117e-06
8.63168e-05
5.08439e-05
3.49595e-05
7.33866e-05
6.28231e-05
3.92503e-05
0.000276304
5.59659e-05
3.73868e-05
8.11012e-05
7.23405e-05
8.33113e-05
2.65563e-07
5.5175e-07
3.32126e-05
9.54852e-05
2.87609e-05
9.79447e-05
7.94768e-05
5.20353e-05
7.39228e-05
6.01159e-05
0.00012541
5.16597e-05
5.28056e-05
5.88325e-05
3.63427e-05
8.3321e-05
6.21295e-05
8.40363e-05
5.37725e-05
5.33447e-05
0.000122953
6.36404e-05
6.77053e-05
0.000208263
8.60874e-05
7.06468e-05
5.96952e-05
6.37966e-05
6.24833e-05
5.76572e-05
6.59701e-05
6.86824e-05
7.03628e-05
7.23786e-05
6.24602e-05
6.48374e-05
6.76718e-05
5.63868e-05
6.68653e-05
6.28494e-05
2.66046e-05
8.82333e-05
3.4909e-05
7.30177e-05
8.03979e-05
4.20752e-05
4.19062e-05
5.33186e-05
8.19871e-05
8.38299e-05
7.07536e-05
4.19477e-05
3.71468e-05
6.85623e-05
7.75061e-05
6.16272e-05
6.75522e-05
9.18962e-05
0.000115592
0.000101814
6.12611e-05
4.3953e-05
8.18903e-05
6.45986e-05
9.06996e-05
7.17948e-05
6.69625e-05
7.24566e-05
9.38245e-05
9.06982e-05
8.14594e-05
2.6969e-05
8.08362e-05
7.16596e-05
6.17569e-05
7.89261e-05
6.65853e-05
6.49618e-05
6.55916e-05
7.05896e-05
8.02267e-05
7.15308e-05
9.99556e-05
7.05345e-05
9.61399e-05
6.1575e-05
7.20965e-05
7.86254e-06
3.64577e-05
8.76621e-05
9.12093e-05
6.63235e-05
6.9332e-05
7.24669e-05
4.51941e-05
3.71155e-05
5.82334e-05
6.48052e-05
8.46597e-05
8.28046e-05
5.8761e-05
7.33271e-05
8.13245e-05
6.16492e-05
8.20063e-05
6.82347e-05
8.75342e-05
6.88402e-05
7.54925e-05
7.80919e-05
9.94445e-05
6.89144e-05
6.97512e-05
5.66643e-05
7.98761e-05
8.67727e-05
9.14592e-05
6.96474e-05
7.00891e-05
5.68812e-05
3.11327e-05
8.16022e-05
7.54655e-05
2.72968e-05
3.41802e-05
9.83469e-05
8.17558e-05
7.88747e-05
7.13686e-05
0.000109221
6.92471e-05
7.82022e-05
8.08573e-05
5.46521e-05
6.47748e-05
6.92438e-05
2.26481e-05
3.93718e-05
6.93735e-05
6.50154e-05
9.40141e-05
6.84612e-05
7.21401e-05
8.65195e-05
7.24217e-05
8.20574e-05
7.90155e-05
7.49697e-05
7.2719e-05
7.14728e-05
9.38536e-05
7.25865e-05
6.52783e-05
4.35608e-05
7.58518e-05
7.82055e-05
8.29034e-05
5.54791e-05
7.97852e-05
5.34243e-05
3.92093e-05
8.18391e-05
7.17022e-05
7.37743e-05
8.10696e-05
8.17799e-05
8.44536e-05
8.23064e-05
5.59342e-05
8.04544e-05
6.46562e-05
7.05629e-05
8.56187e-05
6.58447e-05
6.11726e-05
3.03762e-05
3.68192e-05
2.49273e-05
4.8965e-05
3.75009e-05
2.19451e-05
9.13259e-05
0.000114653
9.52758e-05
9.43926e-05
0.00010629
4.54679e-05
6.12311e-05
5.49016e-05
7.09784e-05
6.89367e-05
7.7312e-05
6.12274e-05
6.59374e-05
8.29329e-05
5.84214e-05
3.73833e-05
7.87094e-05
6.34057e-05
5.87157e-05
2.46097e-05
8.47574e-05
8.17327e-05
6.25959e-05
6.17475e-05
0.000103503
6.08485e-05
6.78263e-05
0.000123352
6.93671e-05
7.94495e-05
3.61603e-05
7.25134e-05
4.03201e-05
6.79003e-05
6.42875e-05
6.18598e-05
9.02415e-05
1.49971e-07
3.6222e-05
6.2849e-05
6.84581e-05
8.2094e-05
7.65188e-05
8.01054e-05
8.12964e-05
7.11167e-05
7.73405e-05
7.37559e-05
6.18026e-05
6.7556e-05
4.03689e-05
6.88479e-05
6.80086e-05
8.42255e-05
0.00010823
7.3146e-05
8.50744e-05
8.33277e-05
8.97998e-05
7.90474e-05
1.29913e-05
6.87152e-05
9.67535e-05
7.23642e-05
7.87106e-05
6.49725e-05
7.00892e-05
4.67628e-05
6.21903e-05
5.81178e-05
5.49931e-05
6.7101e-05
2.20158e-06
5.84419e-05
6.8803e-05
8.3145e-05
6.80801e-05
1.98381e-05
4.452e-05
9.47422e-05
6.42371e-05
1.13462e-05
3.79446e-05
6.32907e-05
7.24652e-05
6.21914e-05
7.06376e-05
5.55072e-05
7.72468e-05
8.63831e-05
7.15287e-05
7.53469e-05
5.37275e-05
6.94509e-05
7.61223e-05
4.25994e-05
4.64286e-05
9.02613e-05
7.64179e-05
6.63494e-05
9.26529e-05
6.32994e-05
6.87044e-05
8.60912e-05
7.29886e-05
6.40753e-05
7.34955e-05
6.48269e-05
6.12861e-05
6.53352e-05
6.34746e-05
8.57762e-05
4.69614e-05
4.44701e-05
7.12473e-05
9.5679e-05
5.98008e-05
2.34661e-05
3.6971e-05
7.41834e-05
9.93725e-05
7.85142e-05
4.19608e-05
3.6848e-05
6.43938e-05
7.90771e-05
7.98302e-05
6.5695e-05
7.95733e-05
5.84556e-05
7.6832e-05
6.5566e-05
7.09167e-05
0.00010127
0.000103839
7.48467e-05
8.09803e-05
7.26746e-05
8.51388e-05
8.23612e-05
5.03238e-05
5.81013e-05
8.19945e-05
6.21345e-05
4.24907e-05
7.04797e-05
6.9703e-05
6.53787e-05
1.90849e-05
4.50595e-05
8.65566e-05
7.41977e-05
7.24398e-05
6.31961e-05
9.33643e-05
7.68664e-05
7.56645e-05
8.63041e-05
7.31966e-05
8.60423e-05
7.57535e-05
9.22765e-05
8.17512e-05
6.17809e-05
7.30082e-05
7.83707e-05
0.000100609
7.90958e-05
4.75351e-05
6.87531e-05
6.57513e-05
8.76848e-05
7.5722e-05
5.86536e-05
7.79987e-05
7.25942e-05
6.85985e-05
7.60077e-05
7.00348e-05
6.88308e-05
9.9321e-05
6.74953e-05
7.0609e-05
8.12435e-05
6.95544e-05
2.16006e-05
3.32807e-05
7.84995e-05
9.79516e-05
8.08677e-05
6.60379e-05
7.52743e-05
8.73716e-05
6.36802e-05
4.80696e-05
6.0623e-05
6.54972e-05
7.11781e-05
6.67905e-05
6.79552e-05
7.77435e-05
8.08428e-05
8.11972e-05
6.32754e-05
8.23221e-05
8.66564e-05
8.92796e-05
6.13208e-05
6.91988e-05
8.31929e-05
7.40717e-05
5.01536e-06
3.21435e-05
7.38906e-05
5.47059e-05
7.57775e-05
3.55439e-08
1.44546e-05
6.82669e-05
3.6682e-05
4.78176e-05
8.28987e-05
9.41737e-05
7.03487e-05
6.08754e-05
6.65256e-05
8.2293e-05
7.21209e-05
6.05996e-05
0.000103186
8.06212e-05
6.77451e-05
7.19575e-05
7.76485e-05
6.29943e-05
7.03264e-05
6.32927e-05
7.0592e-05
8.17298e-05
9.44731e-05
5.35697e-05
6.21047e-05
4.39474e-06
4.02777e-05
6.24478e-05
6.78512e-05
6.61602e-05
4.38546e-06
1.96017e-06
5.85245e-05
0.000123637
8.03151e-05
6.74978e-05
6.51548e-05
0.000100124
8.07155e-05
9.7017e-06
0.000376112
6.36394e-05
3.62779e-05
9.14243e-05
9.86032e-05
6.41553e-05
6.54293e-05
7.85836e-05
7.31874e-05
6.08791e-05
8.29055e-05
6.77401e-05
7.6052e-05
6.68013e-05
6.51603e-05
6.61316e-05
8.72683e-05
5.8311e-05
6.40437e-05
5.82851e-05
0.00010974
6.71645e-05
5.71291e-05
5.66756e-05
3.92331e-05
1.16327e-06
3.26599e-05
3.83317e-05
6.22902e-05
8.82626e-05
5.78839e-05
5.56686e-05
9.87352e-05
6.18731e-05
6.61641e-05
6.17849e-05
3.58067e-05
8.63133e-05
8.18946e-05
7.45085e-05
7.94343e-05
7.37108e-05
7.47194e-05
8.91673e-05
6.86116e-05
8.56156e-05
8.22411e-05
6.90516e-05
7.46643e-05
7.46764e-05
6.63488e-05
4.58918e-05
7.87709e-05
9.27807e-05
7.61081e-05
8.17407e-05
6.51165e-05
3.67686e-05
3.78131e-05
4.79353e-05
4.05396e-05
6.70579e-05
9.06259e-06
4.46615e-06
6.73549e-05
7.15459e-05
7.4839e-05
3.14321e-05
9.55265e-05
6.66524e-05
6.31723e-05
8.18175e-05
5.37732e-05
7.85281e-05
8.84857e-05
2.23131e-05
3.37209e-05
6.51301e-05
7.96429e-05
8.42758e-05
5.80133e-05
1.88144e-06
2.91873e-06
6.73892e-05
6.6467e-05
5.98262e-05
6.63184e-05
7.18749e-05
8.04348e-05
4.02334e-07
7.22411e-05
0.000117289
7.87389e-05
0.000100333
6.50973e-05
8.44143e-05
6.87867e-05
9.31637e-05
7.54329e-05
5.71944e-05
5.84328e-05
7.77966e-05
6.7519e-05
2.25557e-05
9.82464e-05
6.23028e-05
8.57651e-05
6.03197e-05
7.29455e-05
6.92019e-05
8.55624e-05
7.3373e-05
9.04162e-05
8.82229e-05
6.10973e-05
6.98556e-05
6.37991e-05
9.56107e-05
7.09742e-05
6.92575e-05
5.47112e-05
4.79575e-07
2.91345e-06
6.54924e-05
6.14528e-05
6.28192e-05
7.23119e-05
6.70548e-05
5.87235e-05
7.57963e-05
6.83869e-05
6.9752e-05
0.000108657
6.43174e-05
8.74753e-05
8.67023e-05
0.000127837
6.16594e-05
6.56771e-05
1.18358e-05
6.83288e-05
5.18779e-05
7.26124e-05
7.23077e-05
6.81516e-05
8.53695e-05
7.24188e-05
7.24042e-05
7.20677e-05
6.60241e-05
8.94897e-05
6.55314e-05
7.29031e-05
5.60742e-05
7.41548e-06
4.53019e-05
6.01531e-05
4.84742e-06
9.48264e-07
7.94083e-05
6.88932e-05
7.32311e-05
7.42024e-05
6.14244e-05
6.35231e-05
8.09261e-05
7.37917e-05
6.03886e-05
6.16208e-05
9.6397e-05
7.78432e-05
7.64809e-05
5.76762e-05
5.78846e-05
6.78374e-05
6.83562e-05
7.52988e-05
6.20227e-05
9.07233e-05
2.7199e-05
8.36003e-05
7.65467e-05
7.60187e-05
8.77888e-05
7.32351e-05
6.35872e-05
6.67019e-05
7.50425e-05
7.73562e-05
5.23044e-05
6.86696e-05
7.57543e-05
7.34216e-05
6.71191e-05
6.93707e-05
6.1423e-05
5.97648e-05
4.17634e-05
9.16283e-05
5.07215e-05
7.6695e-05
8.60797e-05
5.92796e-05
6.21109e-05
7.64306e-05
8.11156e-05
8.39804e-05
6.11581e-05
8.2285e-05
2.50277e-05
6.39925e-05
8.37208e-05
2.47462e-05
3.02068e-05
6.07056e-05
6.73573e-05
8.15319e-05
6.61857e-05
7.3969e-05
7.05342e-05
0.000172612
7.38157e-05
9.61057e-05
8.75243e-05
6.6252e-05
5.55936e-05
7.55774e-05
7.18978e-05
6.20707e-05
7.85454e-05
8.47689e-05
9.062e-05
7.35376e-05
7.12215e-05
7.05301e-05
5.63766e-05
0.000137889
6.80329e-05
7.34311e-05
7.25751e-05
5.48662e-05
4.89779e-05
8.40264e-05
5.02614e-05
5.16143e-05
6.54848e-05
9.64798e-05
0.000104966
7.62223e-05
8.1039e-05
7.82295e-05
4.70246e-05
6.46663e-05
7.91509e-05
5.11814e-05
8.81922e-05
5.67004e-05
9.84567e-05
4.16351e-05
3.72141e-05
6.44674e-05
6.01776e-05
7.11022e-05
6.77981e-05
7.50883e-05
0.0001041
0.000216683
5.59234e-05
7.88697e-05
8.15964e-05
7.60648e-05
8.31344e-05
6.68715e-05
7.15285e-05
1.79788e-05
1.65671e-05
7.56095e-05
6.70657e-05
7.55742e-05
5.75568e-05
6.57937e-05
8.29597e-05
9.42773e-05
2.46549e-05
6.47671e-05
5.63143e-05
0.000103848
0.000105564
6.4313e-05
7.62181e-05
6.63543e-05
6.29217e-05
5.69412e-05
1.95976e-05
1.52488e-05
9.9301e-05
5.26588e-05
3.52315e-05
5.30075e-05
8.13496e-05
6.09681e-05
5.59458e-05
9.83992e-05
7.18403e-05
2.14147e-05
8.69562e-05
7.18825e-05
5.67913e-05
6.03069e-05
1.74073e-05
4.16558e-05
8.18143e-05
6.62965e-05
7.65262e-05
6.81331e-05
4.705e-05
4.33116e-05
8.76518e-05
7.41941e-05
6.74889e-05
7.41501e-05
7.67376e-05
7.73925e-05
4.46731e-05
9.16643e-05
6.10139e-05
8.71853e-05
6.31161e-05
6.35293e-05
6.90913e-05
3.31571e-05
7.76134e-05
7.91118e-05
7.60257e-05
8.86847e-06
5.51853e-06
7.55419e-05
7.4899e-05
1.07291e-05
6.29162e-05
3.86667e-06
1.86247e-05
7.6636e-05
7.8899e-05
8.6922e-05
4.06286e-05
9.80011e-05
7.3493e-05
6.35973e-05
6.07856e-05
6.47039e-05
5.43176e-05
6.64172e-05
8.58155e-05
8.02506e-05
6.15253e-05
6.0536e-05
1.97455e-08
3.42446e-06
3.404e-05
7.67972e-05
6.08357e-05
8.57552e-05
7.38381e-05
8.34368e-05
8.26023e-05
8.59516e-05
6.07895e-05
7.34085e-05
7.01184e-05
7.32446e-05
9.21112e-05
8.47305e-05
8.64585e-05
7.54056e-05
7.25063e-05
8.87523e-05
6.93128e-05
7.35205e-05
7.61557e-05
5.75088e-05
9.05517e-05
8.06424e-05
8.41076e-05
7.59692e-05
7.9304e-05
5.90639e-05
9.39435e-05
5.48622e-05
0.000103199
4.24235e-05
3.64478e-08
6.3723e-05
5.59124e-05
5.36532e-05
9.28062e-05
7.85089e-05
6.06693e-05
8.22159e-05
7.15192e-05
6.27668e-05
7.54685e-05
9.03049e-05
6.66898e-05
7.27807e-05
4.00195e-05
6.21615e-05
6.19884e-05
5.61585e-05
5.99245e-05
9.73105e-05
6.38324e-05
1.89181e-05
3.43085e-05
6.6194e-05
8.05233e-05
6.68855e-05
7.51348e-05
6.0025e-05
5.5247e-05
1.18732e-05
5.90567e-05
5.10312e-05
5.98066e-05
7.36016e-05
8.42036e-05
7.13929e-05
8.77843e-05
7.76323e-05
1.45368e-05
5.40652e-05
0.000102462
0.000116598
8.21098e-05
0.000102857
8.82613e-05
0.000113999
7.22015e-05
5.26931e-05
5.67911e-05
9.97009e-05
7.64118e-05
8.62423e-05
9.30224e-05
6.85044e-06
3.20545e-05
7.77828e-05
6.95273e-05
2.49842e-05
3.44664e-05
9.20836e-05
5.56989e-05
7.85604e-05
2.66059e-05
4.83695e-05
6.62844e-05
6.3655e-05
7.97737e-05
5.94667e-05
8.20012e-05
5.78806e-05
8.93543e-05
5.48321e-05
7.79178e-05
7.88813e-05
6.23584e-05
3.87126e-05
1.34531e-05
6.55708e-05
9.51323e-05
6.0549e-05
7.56563e-05
4.83129e-05
6.16322e-05
8.44712e-05
7.77942e-05
5.59486e-05
5.63846e-05
1.31111e-05
4.4284e-05
6.4189e-05
7.15812e-05
6.92572e-05
5.51763e-05
1.61247e-06
1.01709e-05
3.59255e-05
8.08034e-05
7.14559e-05
6.61709e-05
8.95879e-05
6.96685e-05
5.9044e-05
7.21672e-05
7.82358e-05
6.52017e-05
6.24271e-05
7.98531e-05
0.000722174
0.00032667
2.74921e-05
5.37074e-05
4.05876e-05
2.83623e-05
4.65462e-05
2.27162e-05
1.19321e-05
4.36967e-05
3.16892e-05
2.89133e-05
3.76961e-05
3.54276e-05
2.3643e-05
3.241e-05
2.96524e-05
2.76133e-05
4.65116e-05
3.71462e-05
3.13143e-05
3.58993e-05
2.76577e-05
3.03358e-05
3.69898e-05
8.74893e-06
2.8833e-05
0.00223408
0.000296596
4.54448e-05
6.72962e-05
6.23795e-05
9.00102e-05
6.99339e-05
6.63089e-05
2.14196e-05
6.13041e-05
7.16626e-05
6.63275e-05
5.95944e-05
6.27605e-05
9.02382e-05
6.40158e-05
8.62525e-05
6.66277e-05
9.10128e-05
6.70295e-05
5.76162e-05
7.578e-05
8.68414e-05
4.12102e-06
8.61387e-05
1.46213e-05
6.99086e-05
8.00336e-05
4.45564e-05
5.59246e-05
0.000152081
8.5046e-05
0.00338251
0.000214478
5.20123e-05
6.54638e-05
5.91001e-05
1.08261e-07
5.27328e-06
9.1455e-06
4.36048e-05
5.918e-05
3.61713e-05
6.22376e-05
6.98116e-05
7.09343e-05
6.12589e-05
8.08131e-05
8.01614e-05
3.86992e-05
4.51268e-05
5.61138e-05
5.64901e-05
7.53344e-06
9.06637e-05
8.22984e-05
6.67487e-05
8.90183e-05
9.24029e-05
6.44645e-05
6.02753e-05
6.6483e-05
6.16024e-05
4.76988e-05
3.65687e-05
9.42545e-05
4.16871e-05
6.82744e-05
5.16903e-05
6.32541e-05
6.52082e-05
6.30668e-05
7.20076e-05
8.44708e-05
6.76488e-05
3.43454e-05
6.94271e-05
9.01323e-05
6.33679e-05
5.6215e-05
6.61139e-05
8.47954e-05
0.000137802
8.02839e-05
6.43966e-05
7.62063e-05
2.55562e-05
9.6823e-05
6.01665e-05
5.77419e-05
8.01435e-05
7.75618e-05
0.000179972
3.49682e-05
5.03936e-05
6.96818e-05
6.92942e-05
6.27437e-05
5.22005e-05
6.91805e-05
1.63677e-05
7.65612e-05
6.66204e-05
8.57635e-05
7.06794e-05
3.51509e-05
7.46763e-05
7.3446e-05
8.75578e-05
7.24846e-05
6.81027e-05
7.19577e-05
8.12402e-05
8.3015e-05
9.62547e-05
3.90855e-05
8.61103e-05
6.43634e-05
6.45445e-05
7.20856e-05
6.29262e-05
5.8146e-05
6.69135e-05
4.97033e-05
5.49672e-05
7.22556e-05
0.000102152
8.24232e-05
9.06784e-05
4.40579e-05
4.88658e-05
7.23615e-05
6.98491e-05
6.63515e-05
6.76314e-05
1.56128e-05
8.7922e-05
6.87146e-05
3.2867e-07
4.68042e-08
7.34402e-05
8.60886e-05
8.66218e-05
7.5391e-05
6.79943e-05
9.1475e-05
5.96616e-05
8.51202e-05
7.28547e-05
0.00165852
0.0012451
4.84282e-05
7.3166e-05
9.43704e-05
6.7893e-05
6.07194e-05
6.65984e-05
6.70606e-05
6.96603e-05
6.65051e-05
9.23474e-05
2.72397e-05
7.31522e-05
6.56336e-05
5.973e-05
6.93273e-05
6.99421e-05
9.49699e-05
6.55746e-05
5.16601e-05
7.02328e-05
6.51543e-05
5.85262e-05
5.18139e-06
3.73598e-05
6.56251e-05
6.85131e-05
6.94214e-05
6.95795e-05
6.42666e-05
6.26054e-05
7.01222e-05
6.61019e-05
6.11899e-05
7.08388e-05
7.14163e-05
3.63466e-05
0.000120836
7.77421e-05
5.95826e-05
7.43748e-05
6.61467e-05
6.33614e-05
7.03517e-05
8.02499e-05
6.4232e-05
5.5899e-05
9.03971e-05
7.3086e-05
6.56371e-05
5.76527e-05
5.42442e-05
6.70848e-05
7.22079e-05
7.05324e-05
6.13864e-05
3.40604e-06
3.06539e-05
3.10402e-05
6.05472e-05
8.65926e-05
6.69424e-05
8.84603e-05
7.67319e-05
5.96413e-05
3.87421e-06
3.36063e-05
9.61874e-05
8.05387e-05
7.10695e-05
8.34951e-05
7.62436e-05
5.57238e-05
6.75531e-05
9.52877e-05
7.40875e-05
9.30427e-05
6.74965e-05
6.05973e-05
5.42682e-05
9.2974e-05
6.75651e-05
0.000107599
0.000106551
7.49046e-05
8.57186e-05
8.01461e-05
7.06128e-05
9.73193e-05
7.74271e-05
5.64697e-05
8.92292e-05
7.79206e-05
6.79927e-05
0.000107918
8.62911e-05
5.98185e-05
9.83545e-05
6.47564e-05
8.70381e-05
7.5557e-05
7.97054e-05
9.06754e-05
7.04121e-05
6.74554e-05
6.53464e-05
8.2181e-05
5.59725e-05
7.17814e-05
8.81573e-05
7.52052e-05
2.35176e-05
8.99625e-06
8.23124e-05
9.18213e-05
6.39461e-05
7.64108e-05
8.70778e-05
3.98134e-05
7.83139e-05
8.7094e-05
8.37175e-05
6.57862e-05
7.54931e-05
0.000102005
6.55078e-05
6.80184e-05
8.63808e-05
7.68632e-05
6.44767e-05
2.47776e-05
8.26525e-05
6.73292e-05
4.61523e-05
7.94437e-05
8.73088e-05
7.36969e-05
5.0844e-05
7.96668e-05
9.86524e-05
3.93334e-05
8.25894e-05
6.5782e-05
7.59964e-05
6.5254e-05
8.31208e-05
6.45691e-05
7.60172e-05
7.90326e-05
0.000103317
7.00414e-05
9.09146e-05
5.44542e-05
4.00139e-05
4.99898e-05
6.02869e-05
6.86413e-05
8.39438e-05
7.74855e-05
6.41973e-05
7.11443e-05
0.000105457
7.56465e-05
7.02829e-05
6.84686e-05
3.22439e-05
6.97019e-05
5.44694e-05
7.09685e-05
0.000123046
6.23543e-05
6.63526e-05
8.26009e-05
5.94407e-05
7.47536e-05
8.82023e-05
6.89462e-05
4.46856e-05
9.05989e-05
6.03729e-05
7.15689e-05
5.39848e-05
6.22538e-05
4.01856e-05
0.000103875
3.99784e-05
3.70491e-05
6.27736e-05
0.000102779
6.1549e-05
7.25072e-05
6.82308e-05
7.36847e-05
6.04006e-05
7.05097e-05
8.7713e-05
7.15733e-05
5.6872e-05
5.2997e-05
6.36745e-05
9.44512e-05
8.13256e-05
5.05872e-05
5.18394e-05
7.76787e-05
6.28926e-05
6.96025e-05
6.66899e-05
8.64248e-05
6.79979e-05
8.1064e-05
9.17255e-05
6.8226e-05
1.22251e-05
6.81182e-05
8.11611e-05
0.000107682
6.26443e-05
6.437e-05
7.75283e-05
6.04522e-05
7.56652e-05
4.89568e-05
6.83487e-05
6.89135e-05
6.56262e-05
7.05573e-05
7.42e-05
5.63031e-05
6.04219e-05
5.98388e-05
7.23461e-05
8.09381e-05
6.08765e-05
7.43629e-05
6.61996e-05
7.06291e-05
8.37437e-05
6.56581e-05
7.07504e-05
7.26582e-05
6.91425e-05
6.90512e-05
7.70407e-05
6.92125e-05
9.71788e-05
5.23621e-05
8.79063e-05
6.28876e-05
6.45449e-05
5.96609e-05
8.53278e-05
0.000101942
8.17804e-05
9.15414e-05
9.5555e-06
4.81917e-05
5.82047e-05
7.65361e-05
5.66602e-05
6.34811e-05
7.63678e-05
7.58899e-05
8.80048e-05
5.52426e-05
7.53507e-05
3.61028e-05
3.91403e-05
6.2568e-05
5.51999e-05
6.16141e-05
6.42341e-05
2.68853e-05
3.6803e-05
9.05426e-05
6.60245e-05
6.31077e-05
5.99578e-05
7.33548e-05
8.34823e-05
7.03722e-05
9.66708e-05
7.89838e-05
5.21482e-05
5.04453e-05
4.46778e-05
9.66848e-05
7.9185e-05
7.88167e-05
7.49888e-05
8.13359e-05
3.70237e-05
5.5892e-05
6.96434e-05
8.16325e-06
4.20513e-05
6.57666e-05
0.000100163
8.00977e-05
6.75587e-05
0.000104068
6.94315e-05
8.0523e-05
6.78e-05
6.84245e-05
7.22495e-05
7.06395e-05
5.66881e-05
9.89127e-05
6.74329e-05
7.41332e-05
8.33871e-05
7.48462e-05
0.000108038
8.14871e-05
6.24753e-05
6.85088e-05
8.30857e-05
7.97126e-05
3.20341e-05
3.34862e-05
7.92402e-05
8.57082e-05
6.46517e-05
8.52404e-05
6.94873e-05
6.442e-05
9.4545e-05
6.12096e-05
7.43258e-05
7.47843e-05
7.43427e-06
1.2769e-05
7.35057e-05
7.25236e-05
7.31077e-05
6.709e-05
7.53852e-05
8.87879e-05
7.80418e-05
5.40634e-05
4.87895e-05
9.49061e-05
5.49911e-05
7.35995e-05
6.80214e-05
7.52034e-05
5.47354e-05
8.21081e-05
8.58923e-05
6.55418e-05
5.88322e-05
7.61935e-05
9.7666e-05
9.06974e-05
8.25647e-05
9.71189e-06
3.64552e-05
6.5901e-05
8.90751e-05
9.27768e-05
6.15687e-05
9.55979e-05
6.40104e-05
6.72749e-05
6.9013e-05
7.37297e-05
7.20529e-05
7.28392e-05
0.000104629
9.14164e-05
5.22596e-05
7.624e-05
7.49364e-05
8.65202e-05
5.79458e-05
6.77055e-05
7.29334e-05
4.21346e-05
5.61147e-05
5.15908e-05
6.05231e-05
6.86318e-05
5.39619e-05
5.23964e-05
6.00031e-05
6.44837e-05
6.59451e-05
9.05515e-05
2.43615e-05
6.55271e-05
0.000106676
0.000113162
4.80398e-05
6.40897e-05
8.72678e-05
7.09553e-05
7.04426e-06
3.98548e-05
5.99869e-05
6.48895e-05
7.34313e-05
0.000103918
7.06707e-05
8.39741e-05
3.62155e-05
8.25183e-05
8.32767e-05
6.97364e-05
5.92801e-05
7.47104e-05
7.68957e-05
8.10902e-05
6.42427e-05
7.5684e-05
7.95006e-05
0.000103746
7.2042e-05
4.10197e-05
7.05065e-05
6.88302e-05
6.74972e-05
8.7406e-05
1.53364e-05
1.93232e-05
7.3707e-05
1.01433e-06
8.66514e-05
6.08373e-05
8.53649e-05
5.78037e-05
8.54328e-05
4.78376e-05
4.38214e-05
8.94599e-05
7.82532e-05
7.15401e-05
5.07548e-05
7.193e-05
5.8982e-05
5.50345e-05
7.80691e-05
8.12689e-05
7.44686e-05
6.44098e-05
7.98168e-05
6.43436e-05
6.80434e-05
6.36009e-05
5.84525e-05
1.76928e-05
5.766e-05
8.30906e-05
9.02048e-05
6.18477e-05
8.96107e-05
8.44299e-05
7.63783e-05
6.16752e-05
7.06072e-05
7.99503e-05
6.66763e-05
7.15327e-05
8.05967e-05
6.38357e-05
6.77291e-05
6.92976e-05
4.91538e-05
4.91983e-05
0.000121192
4.09451e-05
4.69906e-05
7.26362e-05
8.79968e-05
8.80879e-05
2.32394e-05
3.54872e-05
5.86487e-05
7.78153e-05
6.38832e-05
9.27222e-06
4.10344e-05
7.78135e-05
7.96545e-05
7.36782e-05
9.44689e-05
6.82118e-05
9.70196e-05
6.56673e-05
7.3128e-05
7.67924e-05
6.31483e-05
6.19757e-05
9.31069e-05
5.87152e-05
0.00010828
6.81826e-05
6.39899e-05
4.20404e-05
6.6195e-05
7.55533e-05
6.15604e-05
5.97498e-05
6.94996e-05
8.10814e-05
6.67245e-05
7.1252e-05
6.53597e-05
6.08686e-05
8.87884e-05
8.51429e-05
8.73108e-05
7.65566e-05
5.90452e-05
6.21206e-05
6.03678e-05
8.16143e-05
3.49382e-05
4.79976e-05
2.65091e-05
0.00010129
5.47388e-05
8.43936e-05
5.98911e-05
7.43907e-05
8.94846e-05
8.08575e-05
2.57336e-05
6.51429e-05
6.15066e-05
5.27503e-05
6.62082e-05
7.03808e-05
8.02966e-05
7.40314e-05
9.55774e-05
7.40892e-05
7.12307e-06
5.65433e-05
4.28816e-05
2.41049e-05
5.39035e-05
2.06921e-05
2.68413e-05
7.40404e-05
5.91815e-05
5.77824e-05
6.15845e-05
6.65744e-05
4.2113e-05
1.20862e-05
0.000134783
7.91139e-05
8.59267e-05
8.98011e-05
5.28485e-06
8.46301e-05
8.26547e-05
4.61299e-05
5.15463e-05
3.34759e-05
0.000101832
7.81108e-05
5.91419e-05
8.46814e-05
9.73926e-05
8.58243e-05
6.69405e-05
5.55449e-05
8.40839e-05
6.79625e-05
7.0501e-05
6.8301e-05
5.87957e-05
7.92024e-05
6.73026e-05
6.72682e-05
4.69775e-05
5.47694e-05
6.44901e-05
6.41191e-05
7.51368e-05
7.44741e-05
9.15192e-05
8.09098e-05
7.3381e-05
7.22152e-05
6.65382e-05
5.02501e-05
7.97783e-05
8.3672e-05
8.05945e-05
6.78376e-05
7.99625e-05
6.08514e-05
9.25135e-05
1.37445e-09
6.8875e-05
8.22217e-05
7.96302e-05
8.7986e-05
7.02527e-05
7.42397e-05
9.88881e-05
6.62911e-05
7.17726e-05
6.14974e-05
4.33143e-05
6.8958e-05
9.35638e-05
1.51193e-05
3.85364e-05
7.09849e-05
9.48208e-05
8.04291e-05
7.27637e-05
1.75488e-05
3.24642e-05
8.3073e-05
6.93644e-05
9.2944e-05
7.35776e-05
6.02446e-05
6.91389e-05
7.80053e-05
6.81874e-05
8.67502e-05
8.10869e-05
6.12365e-05
8.43779e-05
6.65185e-05
6.86259e-05
6.13998e-05
4.06505e-05
7.69952e-05
7.56338e-05
5.95585e-05
5.86288e-05
7.02704e-05
9.11687e-05
4.56329e-07
7.44755e-05
6.05884e-05
6.78996e-05
7.99001e-05
6.50603e-05
7.544e-05
5.84877e-05
8.4277e-05
6.8196e-05
3.5238e-05
4.68439e-05
8.93378e-05
7.47974e-05
3.1273e-07
5.0322e-05
5.99587e-05
6.17323e-05
4.93658e-06
2.58395e-05
6.77404e-05
6.32309e-05
6.0627e-06
8.73156e-05
6.6873e-05
7.82183e-05
6.57298e-05
8.81023e-05
8.47715e-05
6.60978e-05
7.07278e-05
8.57358e-05
